# ID_1   ID_2   R1/2_cir   R1/2_ell   Rpet_cir   Rpet_ell   C           A       G      M20    
  3227   37     0.2        0.23       0.38       0.44       2.3         0.02    0.43   -1.15  
  3280   38     0.19       0.19       0.44       0.44       2.94        0.14    0.52   -1.7   
  3656   92     0.29       0.32       0.66       0.69       2.74        0.03    0.49   -1.61  
  3790   116    0.42       0.48       0.99       1.08       3.11        -0.14   0.48   -1.78  
  3971   182    0.32       0.39       0.8        0.86       2.96        0.06    0.52   -1.53  
  4331   259    0.35       0.38       0.75       0.82       2.83        0.16    0.47   -1.64  
  4717   365    0.3        0.35       0.56       0.75       2.2         0.21    0.52   -1.2   
  4773   384    0.35       0.38       0.72       0.82       2.39        -0.07   0.45   -1.45  
  4820   374    0.34       0.39       0.73       0.83       2.68        0.06    0.49   -1.71  
  4876   381    0.35       0.41       0.94       0.99       2.87        0.15    0.46   -1.74  
  5001   423    0.23       0.31       0.53       0.75       2.94        0.09    0.55   -1.82  
  5197   554    0.2        0.21       0.44       0.45       2.69        0.03    0.49   -1.66  
  5529   684    0.16       0.17       0.35       0.36       2.46        -0.02   0.48   -1.6   
  5552   693    0.32       0.36       0.71       0.76       2.46        -0.01   0.45   -1.55  
  5608   720    0.22       0.24       0.53       0.55       2.95        0.04    0.51   -1.59  
  5641   724    0.19       0.2        0.43       0.45       2.9         0.05    0.5    -1.73  
  5843   807    0.2        0.21       0.44       0.45       2.68        0.18    0.49   -1.61  
  5868   827    0.2        0.22       0.39       0.45       2.6         0.05    0.46   -1.6   
  5904   840    0.35       0.48       0.93       1.28       3.08        0.44    0.58   -1.03  
  5986   877    0.17       0.17       0.36       0.36       2.68        -0.01   0.48   -1.69  
  6024   892    0.19       0.21       0.43       0.45       2.86        -0.01   0.5    -1.59  
  6118   924    0.2        0.23       0.45       0.54       2.59        0.01    0.52   -1.55  
  6278   989    0.22       0.22       0.47       0.48       2.75        0.06    0.5    -1.77  
  6300   1019   0.19       0.2        0.41       0.41       2.75        0.01    0.47   -1.81  
  6392   1063   0.21       0.23       0.49       0.53       2.75        0.12    0.5    -1.6   
  6463   1106   0.34       0.38       0.78       0.88       2.98        0.09    0.52   -1.75  
  6549   1145   0.18       0.2        0.39       0.43       3.03        0.0     0.49   -1.69  
  6588   1164   0.6        0.72       1.67       1.82       4.35        0.02    0.52   -1.03  
  6676   1222   0.26       0.28       0.56       0.6        2.58        0.16    0.48   -1.64  
  6730   1250   0.28       0.33       0.72       0.81       3.1         0.12    0.55   -1.62  
  6752   1243   0.34       0.29       0.83       0.95       3.42        0.05    0.57   -1.99  
  6780   1266   0.28       0.29       0.87       1.07       3.43        0.06    0.62   -1.46  
  6839   1321   0.23       0.25       0.46       0.5        2.06        0.13    0.4    -1.29  
  6895   1346   0.32       0.37       0.67       0.76       2.71        0.19    0.45   -1.38  
  6950   1363   0.19       0.21       0.47       0.5        2.77        0.04    0.51   -1.72  
  6954   1353   0.25       0.26       0.58       0.6        3.17        0.08    0.55   -1.53  
  7008   1405   0.3        0.36       0.86       1.05       -Infinity   -0.01   0.59   -1.4   
  7025   1435   0.34       0.36       0.61       0.64       2.14        -0.01   0.31   -1.56  
  7055   1236   0.72       0.84       1.62       2.09       4.0         0.04    0.51   -0.73  
  7057   1441   0.18       0.19       0.39       0.41       2.65        0.11    0.5    -1.63  
  7071   1440   0.22       0.22       0.47       0.48       2.58        0.03    0.48   -1.57  
  7079   1448   0.48       0.6        1.06       1.25       2.59        -0.04   0.43   -1.65  
  7129   1485   0.2        0.22       0.44       0.49       2.57        0.09    0.51   -1.5   
  7172   1503   0.27       0.3        0.52       0.57       2.11        0.23    0.44   -1.04  
  7243   1542   0.31       0.32       0.68       0.68       2.64        0.1     0.46   -1.49  
  7259   1563   0.23       0.26       0.46       0.52       2.84        0.04    0.47   -1.58  
  7371   1640   0.35       0.42       1.06       1.01       5.49        -0.01   0.51   -1.4   
  7490   1650   0.27       0.29       0.68       1.0        3.28        0.2     0.6    -1.8   
  7502   1723   0.3        0.36       0.72       0.75       2.76        0.05    0.48   -1.61  
  7545   1749   0.29       0.31       0.8        0.82       3.15        -0.18   0.53   -0.85  
  7552   1734   0.33       0.36       0.86       0.95       3.25        0.14    0.53   -1.27  
  7578   1757   0.29       0.41       0.95       1.08       4.87        0.01    0.51   -1.77  
  7638   1786   0.27       0.29       0.72       0.73       3.2         -0.04   0.57   -1.58  
  7666   1832   0.2        0.22       0.43       0.46       2.48        0.11    0.46   -1.48  
  7706   1864   0.21       0.21       0.42       0.45       2.34        0.1     0.46   -1.41  
  7743   1883   0.31       0.33       0.63       0.66       2.49        0.08    0.43   -1.65  
  8017   2041   0.48       0.54       1.62       1.6        4.35        0.06    0.56   -1.11  
  8206   2150   0.36       0.35       0.83       0.96       2.75        0.18    0.53   -1.6   
  8211   2172   0.35       0.4        0.67       0.71       2.22        0.02    0.39   -1.03  
  8217   2179   0.37       0.43       0.73       0.87       2.16        0.26    0.47   -1.18  
  8231   2195   0.24       0.28       0.62       0.67       3.11        -0.01   0.52   -1.65  
  8282   2210   0.27       0.3        0.69       0.76       3.19        0.04    0.55   -1.88  
  8387   2282   0.24       0.27       0.49       0.56       2.77        -0.01   0.49   -1.6   
  8409   2285   0.45       0.47       0.89       1.12       3.39        0.22    0.48   -1.43  
  8464   2330   0.24       0.25       0.56       0.58       2.76        0.15    0.53   -1.52  
  8480   2344   0.18       0.2        0.4        0.44       2.72        0.07    0.51   -1.7   
  8580   2379   0.26       0.27       0.73       0.76       3.5         0.06    0.59   -1.87  
  8622   2434   0.22       0.24       0.46       0.49       2.53        0.04    0.45   -1.54  
  8649   2457   0.2        0.21       0.42       0.44       2.44        0.13    0.48   -1.5   
  8701   2497   0.21       0.23       0.43       0.47       2.53        0.02    0.46   -1.42  
  8725   2527   0.29       0.31       0.67       0.71       2.91        0.25    0.5    -1.64  
  8740   2505   0.47       0.6        1.11       1.37       2.82        0.15    0.47   -1.02  
  8744   2518   0.24       0.25       0.51       0.54       2.71        0.01    0.51   -1.66  
  8749   2520   0.19       0.2        0.4        0.41       2.73        -0.16   0.47   -1.65  
  8750   2521   0.24       0.28       0.52       0.55       2.39        -0.03   0.43   -1.52  
  8794   2554   0.31       0.29       0.69       0.96       2.82        0.14    0.57   -1.49  
  8823   2569   0.18       0.19       0.39       0.4        3.03        -0.02   0.5    -1.6   
  8868   2589   0.2        0.22       0.44       0.47       2.63        0.16    0.48   -1.67  
  8874   2593   0.37       0.41       0.74       0.94       2.16        0.23    0.49   -0.98  
  8979   2647   0.38       0.39       0.85       0.84       2.49        0.06    0.48   -1.66  
  9051   2687   0.18       0.19       0.39       0.43       2.85        -0.07   0.5    -1.65  
  9067   2703   0.19       0.21       0.41       0.45       2.59        0.04    0.48   -1.58  
  9105   2728   0.37       0.48       0.81       1.18       3.06        0.15    0.56   -1.34  
  9139   2756   0.24       0.29       0.55       0.6        2.51        -0.07   0.45   -1.49  
  9246   2821   0.41       0.48       1.05       1.11       3.4         0.06    0.51   -1.55  
  9295   2818   0.22       0.22       0.52       0.52       2.89        0.02    0.52   -1.7   
  9343   2879   0.31       0.35       0.7        0.73       2.9         0.21    0.46   -1.37  
  9358   2883   0.3        0.33       0.69       0.67       2.71        -0.03   0.46   -1.5   
  9392   2911   0.17       0.18       0.36       0.39       2.68        0.01    0.48   -1.57  
  9407   2913   0.35       0.37       0.87       0.88       2.74        -0.07   0.46   -0.93  
  9474   2954   0.54       0.66       1.07       1.23       2.86        0.15    0.37   -1.07  
  9497   2987   0.16       0.16       0.34       0.35       2.62        0.01    0.5    -1.61  
  9527   2998   0.31       0.34       0.71       0.73       2.62        0.08    0.46   -1.52  
  9530   2974   0.25       0.27       0.67       0.66       3.18        0.01    0.55   -1.54  
  9557   3020   0.32       0.36       0.73       0.78       2.86        0.05    0.49   -1.43  
  9623   3063   0.22       0.25       0.46       0.53       2.52        0.03    0.48   -1.56  
  9651   3066   0.36       0.41       1.07       1.22       5.42        0.2     0.54   -1.66  
  9655   3079   0.18       0.2        0.42       0.43       2.63        -0.05   0.49   -1.57  
  9705   3118   0.17       0.17       0.36       0.36       2.44        0.04    0.45   -1.54  
  9793   3162   0.42       0.41       0.77       0.94       1.94        0.24    0.43   -1.1   
  9799   3164   0.29       0.32       0.66       0.72       2.78        0.05    0.49   -1.48  
  9835   3189   0.21       0.24       0.5        0.57       2.67        0.02    0.52   -1.48  
  9864   3214   0.19       0.21       0.43       0.46       2.49        -0.03   0.46   -1.62  
  9867   3211   0.17       0.17       0.38       0.39       2.84        0.08    0.51   -1.69  
  9887   3224   0.2        0.23       0.41       0.5        2.39        -0.0    0.46   -1.61  
  9889   3207   0.24       0.26       0.6        0.63       3.21        0.05    0.55   -1.9   
  9935   3237   0.31       0.36       0.73       1.07       2.87        0.17    0.56   -1.44  
  9983   3261   0.35       0.54       1.17       1.47       5.68        -0.04   0.54   -1.96  
  9995   3283   0.18       0.2        0.39       0.42       2.45        -0.16   0.44   -1.53  
  9996   3290   0.18       0.18       0.41       0.42       2.84        -0.02   0.51   -1.79  
  10014  3295   0.35       0.42       0.79       1.11       2.71        0.22    0.56   -1.32  
  10030  3310   0.24       0.26       0.56       0.58       2.67        0.02    0.5    -1.57  
  10035  3316   0.34       0.41       0.72       0.83       2.42        -0.01   0.43   -1.5   
  10083  3343   0.21       0.24       0.44       0.49       2.69        0.03    0.48   -1.62  
  10171  3393   0.19       0.19       0.41       0.44       2.76        0.04    0.49   -1.67  
  10242  3426   0.28       0.32       0.71       0.83       3.24        0.09    0.57   -1.83  
  10243  3430   0.2        0.22       0.42       0.45       2.69        0.08    0.45   -1.5   
  10316  3490   0.24       0.27       0.49       0.56       2.75        0.05    0.49   -1.62  
  10338  3493   0.3        0.29       0.87       0.99       3.08        0.1     0.58   -1.71  
  10381  3520   0.18       0.19       0.39       0.45       2.8         -0.0    0.55   -1.72  
  10395  3531   0.28       0.32       0.61       0.61       2.22        0.16    0.45   -0.97  
  10404  3529   0.25       0.33       0.57       0.79       2.94        0.11    0.56   -1.42  
  10437  3554   0.2        0.22       0.44       0.5        2.53        -0.01   0.52   -1.34  
  10442  3553   0.22       0.25       0.51       0.55       2.8         0.1     0.51   -1.56  
  10446  3547   0.32       0.37       0.74       0.85       2.72        0.12    0.52   -1.52  
  10469  3565   0.53       0.66       1.15       1.36       2.97        0.22    0.44   -1.12  
  10476  3572   0.35       0.41       0.95       1.11       3.01        0.32    0.53   -0.97  
  10553  3619   0.2        0.22       0.41       0.45       2.66        0.1     0.47   -1.51  
  10576  3638   0.21       0.24       0.55       0.59       2.94        -0.04   0.52   -1.48  
  10578  3628   0.19       0.21       0.42       0.46       2.7         0.04    0.5    -1.67  
  10590  3649   0.19       0.21       0.42       0.46       2.44        -0.07   0.48   -1.62  
  10602  3651   0.26       0.3        0.64       0.69       2.6         0.1     0.49   -1.56  
  10634  3669   0.31       0.38       0.68       0.81       2.68        0.03    0.45   -1.67  
  10663  3685   0.41       0.42       0.81       0.9        2.15        0.26    0.47   -1.03  
  10698  3708   0.23       0.24       0.5        0.54       2.61        0.03    0.47   -1.59  
  10727  3728   0.41       0.48       0.86       1.1        2.49        0.04    0.48   -1.6   
  10737  3737   0.19       0.19       0.39       0.39       2.5         0.1     0.47   -1.45  
  10767  3740   0.17       0.18       0.39       0.4        2.88        0.02    0.48   -1.68  
  10769  3750   0.19       0.2        0.41       0.43       2.3         0.03    0.49   -1.29  
  10790  3759   0.26       0.32       0.66       0.74       3.09        0.08    0.53   -1.67  
  10879  3819   0.21       0.22       0.49       0.52       2.79        0.01    0.51   -1.62  
  10918  3836   0.28       0.34       0.65       0.79       2.72        -0.04   0.53   -1.58  
  10973  3884   0.16       0.16       0.36       0.37       2.76        0.03    0.51   -1.64  
  11006  3859   0.53       0.66       1.14       1.32       3.0         0.13    0.43   -1.27  
  11023  3920   0.18       0.19       0.4        0.44       2.49        0.06    0.49   -1.66  
  11031  3917   0.31       0.41       0.66       0.85       2.67        -0.07   0.47   -1.45  
  11057  3939   0.23       0.3        0.9        0.79       3.42        0.01    0.59   -1.54  
  11061  3932   0.33       0.39       0.71       0.78       2.63        0.14    0.45   -1.48  
  11079  3948   0.17       0.18       0.38       0.39       2.74        0.03    0.5    -1.64  
  11080  3942   0.36       0.41       0.99       1.08       2.84        0.21    0.49   -1.28  
  11104  3958   0.23       0.27       0.46       0.57       2.69        0.04    0.49   -1.62  
  11123  3979   0.34       0.37       0.78       0.84       2.91        0.1     0.51   -1.64  
  11128  3985   0.25       0.31       0.55       0.64       2.51        0.22    0.48   -1.24  
  11142  3975   0.53       0.6        1.4        1.47       3.2         0.05    0.49   -1.49  
  11143  3957   0.23       0.24       0.49       0.53       2.52        0.01    0.47   -1.58  
  11160  4000   0.18       0.2        0.39       0.44       2.62        0.06    0.49   -1.73  
  11161  4007   0.2        0.21       0.4        0.41       2.3         -0.0    0.42   -1.54  
  11203  4038   0.35       0.4        0.71       0.75       2.08        0.31    0.51   -1.15  
  11204  4026   0.2        0.22       0.44       0.49       2.74        0.11    0.51   -1.58  
  11210  4025   0.27       0.32       0.76       0.9        3.26        0.07    0.6    -1.77  
  11350  4103   0.18       0.18       0.38       0.4        2.49        -0.09   0.47   -1.63  
  11382  4137   0.23       0.25       0.44       0.59       2.39        -0.14   0.53   -1.53  
  11398  4146   0.25       0.3        0.55       0.67       2.71        0.0     0.5    -1.51  
  11460  4139   0.36       0.42       0.93       0.95       2.89        -0.04   0.48   -1.2   
  11465  4183   0.2        0.22       0.44       0.46       2.48        -0.02   0.47   -1.51  
  11521  4210   0.27       0.32       0.59       0.65       2.64        0.14    0.47   -1.3   
  11539  4223   0.19       0.2        0.41       0.43       2.59        0.01    0.48   -1.6   
  11571  4239   0.21       0.25       0.47       0.55       2.62        0.03    0.48   -1.66  
  11592  4252   0.21       0.23       0.54       0.56       3.02        0.21    0.55   -1.5   
  11597  4251   0.42       0.47       0.92       1.04       2.2         0.05    0.38   -1.24  
  11629  4260   0.34       0.36       0.69       0.72       2.47        0.12    0.46   -1.56  
  11653  4285   0.16       0.18       0.35       0.39       2.39        -0.04   0.49   -1.39  
  11706  4297   0.18       0.19       0.39       0.43       2.55        0.07    0.49   -1.67  
  11740  4329   0.18       0.2        0.42       0.44       2.66        -0.01   0.49   -1.67  
  11758  4335   0.3        0.36       0.7        0.8        2.98        -0.0    0.47   -1.05  
  11800  4354   0.36       0.35       0.94       0.63       5.86        -0.04   0.44   -1.28  
  11842  4361   0.24       0.25       0.52       0.53       2.27        -0.01   0.44   -1.57  
  11894  4400   0.25       0.29       0.53       0.55       2.39        0.26    0.45   -1.24  
  11923  4419   0.18       0.2        0.43       0.46       2.8         0.03    0.51   -1.76  
  11943  4426   0.19       0.21       0.51       0.53       2.93        0.03    0.56   -1.58  
  11959  4430   0.25       0.26       0.52       0.54       2.59        0.05    0.45   -1.54  
  12000  4445   0.17       0.17       0.38       0.39       2.69        0.08    0.49   -1.69  
  12002  4444   0.23       0.27       0.53       0.55       2.99        0.03    0.49   -1.66  
  12146  4523   0.23       0.23       0.51       0.51       2.56        0.14    0.49   -1.4   
  12206  4564   0.19       0.23       0.41       0.53       2.53        0.08    0.5    -1.31  
  12207  4563   0.27       0.31       0.59       0.69       2.67        0.03    0.51   -1.57  
  12210  4528   0.31       0.35       0.77       0.96       2.96        0.01    0.51   -1.6   
  12239  4573   0.39       0.42       0.87       1.25       3.29        -0.27   0.56   -0.95  
  12291  4613   0.27       0.32       0.65       0.73       2.8         0.13    0.51   -1.47  
  12337  4602   0.18       0.19       0.4        0.42       2.58        0.01    0.46   -1.57  
  12448  4662   0.17       0.18       0.36       0.37       2.79        0.06    0.45   -1.68  
  12451  4639   0.54       0.66       1.24       1.36       3.02        0.13    0.44   -0.83  
  12470  4671   0.21       0.22       0.41       0.45       2.39        -0.02   0.46   -1.47  
  12511  4726   0.25       0.29       0.59       0.65       2.69        0.15    0.5    -1.71  
  12516  4716   0.36       0.42       0.83       1.01       2.79        -0.05   0.5    -1.59  
  12543  4741   0.24       0.27       0.5        0.52       2.52        0.04    0.43   -1.5   
  12550  4746   0.2        0.22       0.41       0.47       2.81        0.06    0.48   -1.67  
  12567  4700   0.16       0.16       0.35       0.37       2.7         0.03    0.49   -1.73  
  12624  4695   0.48       0.54       1.13       1.2        2.75        0.28    0.47   -1.61  
  12670  4762   0.42       0.54       0.99       1.2        2.21        0.24    0.46   -0.98  
  12672  4798   0.23       0.36       0.96       1.01       -Infinity   0.19    0.58   -1.78  
  12699  4825   0.16       0.18       0.38       0.43       2.55        -0.04   0.5    -1.7   
  12743  4760   0.31       0.33       0.64       0.67       2.62        0.06    0.46   -1.7   
  12751  4752   0.16       0.17       0.37       0.39       2.7         0.05    0.49   -1.66  
  12752  4858   0.16       0.17       0.37       0.4        2.93        0.05    0.52   -1.62  
  12770  4856   0.22       0.24       0.48       0.51       2.6         0.02    0.48   -1.65  
  12796  4869   0.22       0.26       0.47       0.54       2.53        -0.0    0.48   -1.41  
  12799  4848   0.27       0.32       0.52       0.67       2.29        -0.04   0.47   -1.29  
  12809  4830   0.17       0.17       0.42       0.43       2.89        0.04    0.56   -1.67  
  12839  4870   0.25       0.28       0.53       0.54       2.39        0.09    0.43   -1.59  
  12855  4897   0.42       0.6        1.01       1.22       3.39        0.05    0.41   -1.48  
  12858  4822   0.41       0.41       0.99       1.02       3.4         0.22    0.46   -1.42  
  12893  4877   0.36       0.42       1.02       1.08       5.68        0.07    0.52   -1.36  
  12938  4938   0.32       0.29       0.87       1.0        3.91        0.1     0.53   -0.81  
  12988  4967   0.18       0.18       0.38       0.4        2.55        0.08    0.49   -1.66  
  12999  4968   0.25       0.29       0.51       0.63       2.47        0.01    0.49   -1.67  
  13047  4987   0.32       0.37       0.73       0.8        2.76        0.06    0.52   -1.23  
  13061  4992   0.36       0.35       0.72       0.95       2.42        0.19    0.52   -1.29  
  13066  4978   0.19       0.2        0.4        0.43       2.5         -0.01   0.46   -1.57  
  13073  4966   0.18       0.19       0.42       0.44       2.64        0.06    0.49   -1.67  
  13152  4972   0.44       0.47       0.86       1.37       2.52        -0.15   0.46   -1.19  
  13162  5004   0.66       0.72       1.53       1.59       3.02        0.15    0.47   -1.25  
  13183  5056   0.21       0.25       0.42       0.56       2.63        0.02    0.48   -1.33  
  13252  5101   0.2        0.2        0.41       0.42       2.12        -0.08   0.46   -1.35  
  13271  5072   0.16       0.16       0.35       0.36       2.83        0.04    0.5    -1.58  
  13308  5114   0.34       0.38       0.85       0.88       2.84        0.34    0.55   -1.15  
  13340  5148   0.17       0.19       0.37       0.4        2.6         -0.04   0.48   -1.65  
  13414  5127   0.23       0.25       0.52       0.57       2.87        0.04    0.54   -1.74  
  13506  5182   0.21       0.22       0.45       0.46       2.48        -0.08   0.42   -1.58  
  13508  5231   0.41       0.47       0.95       1.11       3.74        0.04    0.51   -1.26  
  13552  5214   0.21       0.23       0.46       0.51       2.43        0.07    0.46   -1.54  
  13586  5247   0.3        0.33       0.78       0.84       3.28        0.02    0.54   -1.9   
  13587  5254   0.24       0.27       0.5        0.56       2.7         0.03    0.5    -1.73  
  13751  5323   0.54       0.54       1.64       1.43       6.19        0.06    0.54   -0.89  
  13788  5353   0.32       0.4        0.81       0.86       2.83        0.32    0.5    -1.18  
  13849  5382   0.35       0.37       0.81       0.86       2.94        0.11    0.52   -1.52  
  13871  5355   0.21       0.23       0.45       0.5        2.65        0.01    0.49   -1.64  
  13975  5378   0.33       0.4        0.62       0.71       2.33        0.03    0.4    -1.02  
  14020  5482   0.27       0.31       0.71       0.78       3.01        0.18    0.55   -1.43  
  14037  5466   0.28       0.36       0.62       0.75       2.69        0.03    0.47   -1.64  
  14040  5417   0.23       0.25       0.48       0.52       2.39        -0.0    0.44   -1.61  
  14042  5381   0.3        0.32       0.7        0.74       2.76        0.13    0.52   -1.41  
  14091  5513   0.34       0.41       0.73       0.94       2.65        -0.18   0.47   -1.28  
  14096  5532   0.26       0.28       0.49       0.54       2.17        -0.08   0.39   -1.32  
  14191  5476   0.21       0.23       0.44       0.48       2.44        -0.08   0.44   -1.56  
  14195  5583   0.28       0.28       0.65       0.66       2.72        0.05    0.53   -1.66  
  14196  5591   0.2        0.21       0.41       0.43       2.49        0.03    0.45   -1.43  
  14198  5588   0.21       0.23       0.43       0.5        2.75        0.06    0.49   -1.63  
  14258  5624   0.21       0.21       0.52       0.53       2.7         0.02    0.53   -1.66  
  14263  5498   0.38       0.41       0.77       0.82       2.33        0.09    0.43   -1.56  
  14329  5646   0.27       0.3        0.62       0.73       2.74        0.09    0.53   -1.34  
  14332  5634   0.31       0.35       0.61       0.94       2.48        0.06    0.47   -1.23  
  14362  5652   0.18       0.19       0.41       0.43       2.83        0.02    0.5    -1.6   
  14378  5658   0.18       0.18       0.39       0.4        2.44        -0.15   0.47   -1.54  
  14424  5702   0.29       0.41       0.92       1.3        3.31        -0.02   0.52   -0.96  
  14447  5693   0.66       0.78       1.47       1.68       2.89        0.0     0.41   -1.45  
  14456  5671   0.25       0.29       0.54       0.58       2.43        0.05    0.45   -1.62  
  14505  5745   0.22       0.24       0.47       0.52       2.53        0.1     0.47   -1.45  
  14524  5753   0.27       0.3        0.66       0.72       2.71        0.01    0.5    -1.58  
  14533  5713   0.3        0.36       0.59       0.92       2.46        0.02    0.51   -1.27  
  14586  5755   0.26       0.31       0.51       0.66       2.39        -0.06   0.46   -1.29  
  14598  5760   0.29       0.33       0.87       0.75       3.35        0.12    0.52   -1.64  
  14602  5786   0.34       0.36       0.75       0.77       2.71        0.05    0.46   -1.8   
  14611  5790   0.16       0.16       0.34       0.35       2.52        0.09    0.47   -1.52  
  14678  5795   0.21       0.3        0.44       0.76       2.87        0.04    0.55   -1.31  
  14704  5829   0.36       0.48       1.02       1.19       5.16        0.1     0.55   -1.71  
  14716  5839   0.19       0.19       0.43       0.45       2.8         0.0     0.5    -1.75  
  14792  5879   0.19       0.2        0.41       0.43       2.74        0.11    0.49   -1.5   
  14837  5885   0.22       0.24       0.4        0.44       2.55        -0.08   0.41   -1.48  
  14908  5926   0.25       0.27       0.52       0.55       2.47        0.18    0.46   -1.38  
  14932  5945   0.26       0.3        0.58       0.65       2.5         0.07    0.47   -1.59  
  14947  5928   0.22       0.25       0.49       0.51       2.43        0.08    0.43   -1.54  
  14949  5940   0.16       0.18       0.37       0.4        2.76        0.09    0.5    -1.67  
  14969  5929   0.3        0.36       0.74       0.85       2.88        0.21    0.55   -1.44  
  15011  5949   0.41       0.6        1.13       1.39       3.52        0.04    0.49   -1.53  
  15012  5908   0.29       0.42       0.95       1.09       5.15        0.04    0.54   -1.59  
  15015  5957   0.41       0.47       0.89       1.11       2.68        0.04    0.46   -1.48  
  15079  6002   0.42       0.48       1.0        1.19       3.39        -0.13   0.46   -0.95  
  15163  6051   0.23       0.26       0.54       0.53       2.5         -0.03   0.46   -1.53  
  15194  6066   0.25       0.29       0.52       0.6        2.55        0.22    0.48   -1.33  
  15218  6055   0.37       0.42       0.67       0.94       2.62        -0.04   0.46   -1.0   
  15237  6090   0.21       0.23       0.46       0.48       2.56        0.03    0.48   -1.64  
  15267  6037   0.26       0.3        0.68       0.71       2.87        0.13    0.53   -1.74  
  15293  6103   0.35       0.37       0.71       0.76       2.14        0.06    0.45   -1.21  
  15297  6098   0.24       0.28       0.58       0.7        2.78        0.06    0.56   -1.53  
  15397  6161   0.22       0.24       0.47       0.51       2.52        0.13    0.47   -1.58  
  15430  6181   0.33       0.37       0.64       0.69       2.12        0.13    0.39   -1.03  
  15432  6071   0.21       0.22       0.46       0.47       2.71        0.04    0.46   -1.63  
  15451  6170   0.16       0.17       0.4        0.41       3.13        0.0     0.56   -1.8   
  15517  6179   0.42       0.48       0.95       1.07       3.07        0.13    0.47   -1.82  
  15518  6147   0.24       0.28       0.54       0.58       2.48        0.04    0.44   -1.58  
  15555  6240   0.34       0.4        0.72       0.8        2.45        0.19    0.45   -1.27  
  15558  6246   0.26       0.3        0.52       0.59       2.32        0.17    0.42   -1.01  
  15565  6177   0.39       0.45       0.73       0.82       2.05        0.02    0.38   -1.35  
  15591  6243   0.27       0.3        0.52       0.59       1.97        0.1     0.46   -1.04  
  15614  6230   0.17       0.17       0.4        0.4        2.88        0.02    0.51   -1.62  
  15622  6275   0.22       0.22       0.47       0.48       2.57        0.04    0.49   -1.56  
  15656  6296   0.41       0.6        1.28       1.39       3.73        0.07    0.5    -1.56  
  15750  6319   0.25       0.29       0.54       0.64       2.58        0.07    0.5    -1.67  
  15766  6353   0.32       0.38       0.73       0.73       2.22        0.17    0.46   -1.05  
  15768  6327   0.21       0.25       0.57       0.66       3.33        0.03    0.57   -1.77  
  15778  6355   0.27       0.29       0.56       0.6        2.58        0.11    0.46   -1.55  
  15789  6338   0.48       0.59       1.04       1.38       2.75        0.04    0.46   -1.13  
  15798  6318   0.23       0.35       0.96       1.13       3.61        0.29    0.58   -1.13  
  15903  6425   0.29       0.36       0.67       0.77       2.84        -0.05   0.49   -1.69  
  15939  6459   0.33       0.34       0.77       0.8        3.2         0.03    0.55   -1.73  
  16065  6513   0.3        0.36       0.74       0.83       3.02        0.03    0.52   -1.82  
  16082  6531   0.34       0.42       0.71       0.8        2.39        0.07    0.43   -1.46  
  16132  6547   0.3        0.37       0.61       0.78       2.32        0.18    0.49   -1.04  
  16146  6578   0.33       0.4        0.66       0.74       2.3         -0.06   0.38   -1.54  
  16150  6514   0.38       0.42       0.82       1.01       2.44        0.1     0.44   -0.94  
  16160  6574   0.66       0.72       1.51       1.65       3.46        0.38    0.51   -1.66  
  16179  6565   0.17       0.18       0.37       0.4        2.79        0.0     0.5    -1.75  
  16274  6637   0.3        0.35       1.02       1.3        -Infinity   0.23    0.61   -1.64  
  16280  6655   0.3        0.35       0.94       1.02       3.02        0.19    0.58   -1.33  
  16281  6618   0.16       0.16       0.35       0.35       2.51        0.03    0.47   -1.7   
  16328  6675   0.46       0.41       0.85       0.98       2.32        0.05    0.46   -1.49  
  16338  6689   0.19       0.21       0.4        0.47       2.89        -0.01   0.56   -1.66  
  16428  6740   0.17       0.17       0.35       0.35       2.46        0.12    0.45   -1.53  
  16430  6736   0.22       0.23       0.46       0.49       2.57        0.05    0.46   -1.51  
  16437  6733   0.16       0.16       0.37       0.38       2.69        0.07    0.52   -1.53  
  16444  6749   0.18       0.19       0.4        0.41       2.76        0.06    0.49   -1.69  
  16486  6757   0.66       0.9        1.36       2.09       2.39        -0.29   0.44   -1.53  
  16490  6774   0.2        0.21       0.42       0.45       2.69        0.05    0.49   -1.54  
  16527  6752   0.21       0.24       0.42       0.48       2.44        -0.03   0.41   -1.38  
  16586  6831   0.48       0.59       1.03       1.47       3.52        0.19    0.49   -1.04  
  16601  6845   0.19       0.2        0.41       0.43       2.59        -0.01   0.47   -1.67  
  16604  6842   0.23       0.26       0.51       0.58       2.83        0.04    0.5    -1.71  
  16629  6772   0.31       0.36       0.66       0.78       2.73        0.22    0.48   -1.63  
  16641  6891   0.27       0.32       0.55       0.65       2.39        0.06    0.44   -1.43  
  16732  6847   0.23       0.26       0.52       0.57       2.61        -0.0    0.47   -1.65  
  16777  6959   0.26       0.29       0.63       0.67       2.73        -0.07   0.52   -1.62  
  16841  7000   0.21       0.24       0.43       0.48       2.48        0.04    0.44   -1.63  
  16844  7007   0.32       0.38       0.63       0.74       2.26        0.06    0.44   -1.33  
  16899  7046   0.18       0.19       0.41       0.42       2.63        0.01    0.51   -1.64  
  16905  7042   0.41       0.48       0.87       1.11       2.5         0.06    0.47   -1.35  
  16934  6932   0.54       0.65       1.37       1.61       4.15        0.08    0.51   -1.97  
  16970  7081   0.2        0.21       0.45       0.48       2.73        0.04    0.5    -1.7   
  17027  7073   0.22       0.24       0.51       0.54       2.76        0.14    0.5    -1.68  
  17158  7192   0.41       0.53       1.02       1.26       3.62        0.2     0.44   -1.47  
  17172  7203   0.23       0.24       0.49       0.5        2.31        0.19    0.44   -1.38  
  17227  7212   0.32       0.42       0.63       0.77       2.75        0.18    0.44   -1.25  
  17255  7261   0.22       0.23       0.56       0.57       2.51        0.06    0.53   -1.6   
  17284  7238   0.33       0.36       0.78       0.78       3.3         0.08    0.49   -1.24  
  17338  7304   0.21       0.23       0.48       0.51       2.62        0.12    0.49   -1.48  
  17374  7326   0.16       0.17       0.39       0.41       2.83        -0.05   0.52   -1.6   
  17420  7353   0.33       0.37       0.75       0.87       2.77        0.03    0.53   -1.72  
  17456  7370   0.18       0.19       0.45       0.46       2.9         0.01    0.52   -1.62  
  17488  7371   0.3        0.36       0.93       1.0        4.17        -0.1    0.57   -1.26  
  17673  7499   0.33       0.35       0.66       0.7        2.29        0.08    0.41   -1.57  
  17810  7580   0.28       0.33       0.58       0.68       2.53        -0.01   0.46   -1.2   
  17813  7589   0.2        0.21       0.45       0.47       2.77        0.16    0.5    -1.48  
  17824  7578   0.32       0.34       0.67       0.69       2.32        0.1     0.44   -1.46  
  17857  7626   0.21       0.24       0.5        0.51       2.56        0.04    0.49   -1.56  
  17864  7623   0.35       0.37       0.78       0.83       2.85        0.07    0.51   -1.7   
  17879  7642   0.18       0.19       0.39       0.41       2.71        -0.01   0.48   -1.52  
  17926  7665   0.32       0.36       0.7        0.92       2.89        -0.04   0.52   -1.57  
  17937  7674   0.23       0.26       0.56       0.63       3.37        0.34    0.56   -1.23  
  17973  7704   0.27       0.31       0.53       0.61       2.21        0.0     0.41   -1.43  
  18023  7736   0.18       0.21       0.41       0.49       2.98        0.03    0.55   -1.68  
  18092  7795   0.26       0.29       0.53       0.57       2.46        0.14    0.47   -1.13  
  18109  7814   0.17       0.19       0.37       0.4        2.55        0.07    0.48   -1.61  
  18176  7839   0.35       0.29       0.88       0.94       3.13        0.16    0.48   -0.74  
  18182  7857   0.36       0.42       0.95       0.96       4.46        0.32    0.5    -1.67  
  18262  7919   0.24       0.27       0.58       0.59       2.74        0.03    0.48   -1.68  
  18320  7970   0.18       0.19       0.41       0.43       2.59        0.05    0.51   -1.54  
  18334  7962   0.24       0.27       0.56       0.6        2.68        0.07    0.5    -1.48  
  18353  7985   0.19       0.2        0.46       0.45       2.85        -0.1    0.53   -1.76  
  18393  7989   0.48       0.54       1.16       1.29       2.74        0.11    0.49   -1.45  
  18406  8017   0.31       0.34       0.66       0.72       2.48        0.01    0.46   -1.59  
  18426  8035   0.36       0.42       0.76       0.86       2.69        0.06    0.45   -1.38  
  18509  8094   0.26       0.29       0.59       0.64       2.78        0.2     0.52   -1.57  
  18528  8103   0.18       0.2        0.39       0.42       2.44        0.08    0.45   -1.53  
  18555  8129   0.2        0.21       0.45       0.46       2.74        0.13    0.5    -1.6   
  18609  8154   0.6        0.78       1.4        1.62       2.82        0.09    0.46   -1.13  
  18882  8360   0.17       0.17       0.37       0.38       2.74        0.11    0.48   -1.71  
  18936  8398   0.21       0.22       0.47       0.49       2.67        0.1     0.49   -1.63  
  18980  8422   0.37       0.42       0.81       1.0        2.74        0.13    0.52   -1.37  
  18991  8429   0.18       0.19       0.41       0.44       2.85        0.12    0.53   -1.55  
  19051  8476   0.42       0.41       0.87       1.01       2.76        0.34    0.49   -1.51  
  19104  8502   0.33       0.53       0.77       1.59       2.78        0.19    0.54   -1.17  
  19149  8541   0.24       0.32       0.51       0.89       2.94        0.06    0.57   -1.62  
  19158  8545   0.37       0.41       0.84       0.87       2.75        0.06    0.46   -1.52  
  19181  8558   0.3        0.3        0.74       0.93       3.17        0.18    0.58   -1.15  
  19185  8469   0.53       0.59       1.25       1.35       3.25        0.37    0.49   -1.14  
  19242  8617   0.22       0.24       0.51       0.53       2.77        0.06    0.51   -1.41  
  19246  8624   0.25       0.29       0.49       0.61       2.64        -0.01   0.52   -1.17  
  19262  8582   0.35       0.53       1.06       1.35       3.07        -0.01   0.51   -1.7   
  19274  8627   0.22       0.25       0.5        0.56       2.91        0.09    0.52   -1.65  
  19276  8645   0.34       0.36       0.83       0.85       2.99        0.22    0.55   -1.56  
  19323  8657   0.16       0.18       0.37       0.39       2.68        0.11    0.48   -1.62  
  19413  8741   0.47       0.66       1.19       1.32       2.82        0.01    0.41   -1.62  
  19425  8759   0.17       0.19       0.37       0.4        2.55        0.16    0.48   -1.65  
  19452  8506   0.41       0.47       1.07       1.16       3.77        0.13    0.49   -1.52  
  19498  8804   0.26       0.27       0.58       0.59       2.57        0.02    0.47   -1.68  
  19504  8803   0.48       0.54       1.07       1.19       2.44        0.03    0.44   -1.56  
  19520  8822   0.3        0.33       0.62       0.65       2.68        0.02    0.45   -1.51  
  19548  8846   0.16       0.16       0.36       0.37       2.82        0.06    0.51   -1.66  
  19549  8841   0.36       0.42       0.84       1.07       2.91        0.22    0.53   -1.54  
  19700  8937   0.35       0.48       0.95       1.18       2.85        0.04    0.53   -1.46  
  19760  8990   0.23       0.23       0.48       0.49       2.57        0.14    0.44   -1.61  
  19797  9027   0.23       0.26       0.51       0.58       2.73        0.03    0.5    -1.59  
  19802  9017   0.37       0.44       0.79       0.83       2.55        0.25    0.43   -1.58  
  19809  9035   0.19       0.2        0.4        0.42       2.49        0.11    0.49   -1.28  
  19824  9048   0.17       0.18       0.41       0.42       2.88        0.07    0.52   -1.69  
  19833  9037   0.31       0.35       0.65       0.72       2.42        0.24    0.49   -1.45  
  19837  9057   0.22       0.24       0.49       0.51       2.56        0.08    0.46   -1.56  
  19895  9085   0.28       0.37       0.7        0.75       3.45        0.29    0.52   -1.22  
  19935  9113   0.42       0.54       1.06       1.26       3.16        -0.43   0.45   -1.15  
  19960  9147   0.16       0.16       0.35       0.37       2.63        -0.01   0.48   -1.56  
  20090  9239   0.22       0.24       0.61       0.63       3.24        -0.02   0.59   -1.69  
  20213  9318   0.3        0.36       0.84       1.02       3.4         0.42    0.58   -1.43  
  20232  9324   0.3        0.32       0.65       0.68       2.61        0.14    0.49   -1.42  
  20242  9349   0.18       0.19       0.42       0.42       2.76        0.07    0.48   -1.67  
  20253  9351   0.33       0.36       0.74       0.94       2.76        0.15    0.54   -1.68  
  20331  9408   0.23       0.24       0.56       0.58       3.02        0.08    0.54   -1.75  
  20343  9420   0.25       0.3        0.64       0.72       3.13        0.14    0.55   -1.81  
  20401  9457   0.18       0.18       0.42       0.43       2.54        0.01    0.52   -1.77  
  20417  9467   0.17       0.19       0.4        0.45       2.45        0.04    0.51   -1.57  
  20447  9483   0.26       0.26       0.66       0.7        3.23        0.07    0.57   -1.86  
  20482  9504   0.3        0.37       0.7        0.79       2.42        0.23    0.49   -1.17  
  20540  9553   0.26       0.29       0.55       0.64       2.54        0.06    0.49   -1.53  
  20558  9542   0.48       0.48       1.3        1.36       3.8         -0.06   0.53   -2.48  
  20568  9565   0.59       0.65       1.55       1.65       3.37        0.19    0.51   -1.95  
  20628  9610   0.41       0.53       1.01       1.18       3.51        0.31    0.43   -1.23  
  20659  9630   0.18       0.18       0.4        0.4        2.94        0.04    0.48   -1.68  
  20672  9658   0.17       0.17       0.36       0.37       2.44        -0.02   0.48   -1.67  
  20790  9749   0.17       0.18       0.39       0.41       2.88        0.04    0.51   -1.69  
  20792  9757   0.24       0.27       0.52       0.58       2.43        0.08    0.49   -1.2   
  20825  9767   0.38       0.45       0.76       0.85       2.47        0.04    0.39   -1.51  
  20831  9792   0.36       0.36       0.86       0.94       2.63        0.1     0.54   -1.37  
  20834  9774   0.47       0.53       1.1        1.25       3.74        -0.05   0.4    -0.81  
  20861  9806   0.22       0.24       0.49       0.53       2.79        0.0     0.49   -1.65  
  20884  9827   0.2        0.22       0.45       0.47       2.76        0.07    0.48   -1.75  
  20905  9814   0.41       0.54       1.08       1.24       3.85        0.14    0.54   -1.48  
  20936  9886   0.9        1.02       2.22       2.49       3.44        0.12    0.53   -2.3   
  21007  9915   0.36       0.36       0.78       0.8        2.57        0.13    0.48   -1.67  
  21098  9993   0.25       0.25       0.51       0.52       2.43        0.18    0.47   -1.55  
  21236  10091  0.31       0.29       0.83       0.95       3.17        0.08    0.54   -1.54  
  21299  10145  0.32       0.4        0.7        0.87       2.63        0.14    0.49   -1.34  
  21331  10175  0.27       0.29       0.65       0.7        2.99        0.12    0.55   -1.63  
  21355  10184  0.26       0.28       0.56       0.58       2.54        0.05    0.45   -1.64  
  21398  10230  0.2        0.21       0.42       0.44       2.73        0.04    0.48   -1.64  
  21459  10278  0.18       0.21       0.39       0.44       2.49        -0.07   0.47   -1.61  
  21470  10296  0.26       0.29       0.57       0.58       2.71        0.2     0.46   -1.42  
  21568  10366  0.25       0.27       0.54       0.56       2.59        0.03    0.44   -1.64  
  21624  10419  0.2        0.22       0.46       0.49       2.94        0.2     0.52   -1.36  
  21679  10444  0.29       0.32       0.62       0.69       2.68        0.06    0.47   -1.71  
  21735  10483  0.26       0.26       0.64       0.65       3.14        0.05    0.55   -1.82  
  21786  10539  0.32       0.35       0.69       0.76       2.33        0.21    0.5    -1.15  
  21819  10558  0.26       0.27       0.56       0.57       2.71        0.03    0.49   -1.62  
  21852  10630  0.72       0.84       1.43       1.61       2.43        0.31    0.42   -1.29  
  21891  10604  0.35       0.47       1.16       1.38       3.01        0.07    0.54   -1.87  
  21897  10621  2.22       0.96       1.58       1.45       1.72        -0.31   0.68   -0.61  
  21922  10608  0.54       0.53       1.21       1.27       3.05        0.15    0.46   -1.28  
  21923  10645  0.34       0.29       0.77       0.91       2.86        0.16    0.55   -1.56  
  22079  10781  0.23       0.25       0.51       0.53       2.66        0.09    0.48   -1.57  
  22123  10817  0.24       0.25       0.53       0.56       2.7         0.02    0.49   -1.77  
  22236  10917  0.41       0.41       0.82       1.02       2.39        0.43    0.5    -1.47  
  22376  11027  0.24       0.36       0.56       0.83       3.13        0.13    0.54   -1.09  
  22435  11062  0.47       0.54       1.11       1.19       2.94        0.32    0.51   -1.06  
  22467  11093  0.16       0.16       0.35       0.36       2.66        0.07    0.47   -1.54  
  22539  11118  0.16       0.16       0.37       0.39       2.86        0.08    0.5    -1.67  
  22549  11157  0.32       0.37       0.7        0.77       2.42        0.26    0.46   -1.34  
  22562  11164  0.25       0.28       0.49       0.59       2.51        0.05    0.49   -1.52  
  22602  11191  0.48       0.53       1.2        1.47       3.92        0.15    0.54   -1.52  
  22608  11210  0.24       0.27       0.51       0.57       2.52        0.08    0.47   -1.5   
  22611  11221  0.24       0.29       0.55       1.01       3.16        0.14    0.62   -1.82  
  22613  11207  0.24       0.27       0.56       0.62       2.65        0.09    0.51   -1.58  
  22649  11249  0.33       0.39       0.64       0.78       2.17        0.35    0.46   -1.18  
  22702  11114  0.32       0.38       0.65       0.73       2.22        0.28    0.44   -1.0   
  22711  11276  0.42       0.48       1.61       1.71       5.15        0.2     0.63   -2.43  
  22849  13269  0.21       0.24       0.46       0.52       2.82        0.24    0.51   -1.68  
  22878  12304  0.27       0.3        0.6        0.68       2.75        0.06    0.53   -1.72  
  22915  12325  0.3        0.32       0.6        0.66       2.59        0.27    0.45   -1.56  
  22917  12328  0.42       0.47       0.99       1.12       3.47        0.43    0.49   -0.96  
  23095  12278  0.47       0.53       1.06       1.17       2.69        0.11    0.42   -1.41  
  23170  12139  0.26       0.3        0.57       0.65       2.57        0.06    0.5    -1.19  
  23249  11965  0.28       0.29       0.73       1.02       3.38        0.15    0.59   -1.98  
  23312  11993  0.36       0.36       0.76       0.77       2.51        0.1     0.47   -1.63  
  23375  11977  0.35       0.42       0.92       0.95       3.02        0.03    0.43   -1.59  
  23449  12038  0.65       0.72       1.49       1.56       3.02        0.18    0.44   -1.6   
  23482  11764  0.3        0.32       0.59       0.63       2.23        -0.03   0.4    -1.5   
  23486  11756  0.26       0.29       0.58       0.64       2.85        0.04    0.51   -1.67  
  23509  11687  0.37       0.35       0.83       0.94       2.85        0.15    0.51   -1.42  
  23567  11719  0.34       0.35       0.68       0.94       2.3         0.18    0.52   -1.07  
  23568  11665  0.28       0.32       0.6        0.69       2.53        0.17    0.49   -1.49  
  23615  11909  0.2        0.24       0.43       0.59       2.85        0.11    0.55   -1.84  
  23632  11669  0.29       0.35       0.64       0.77       2.81        0.18    0.49   -1.44  
  23714  11609  0.31       0.34       0.67       0.73       2.49        0.21    0.48   -1.38  
  23842  11444  0.2        0.21       0.43       0.48       2.48        -0.03   0.49   -1.57  
  23888  11534  0.35       0.41       1.02       1.13       3.09        0.12    0.53   -1.74  
  24004  14761  0.27       0.31       0.59       0.63       2.47        0.08    0.45   -1.55  
  24019  14655  0.26       0.28       0.52       0.53       2.11        -0.42   0.72   -0.61  
  24150  14640  0.27       0.3        0.64       0.64       2.95        0.15    0.53   -1.5   
  24211  14569  0.29       0.31       0.72       0.75       3.04        -0.18   0.53   -1.46  
  24280  14364  0.29       0.35       0.99       1.1        4.08        0.13    0.57   -1.9   
  24351  14770  0.54       0.59       1.2        1.34       2.91        0.22    0.44   -1.71  
  24358  14486  0.35       0.42       1.22       1.25       3.72        0.16    0.61   -1.44  
  24552  14202  0.21       0.23       0.46       0.51       2.57        0.16    0.49   -1.42  
  24768  14242  0.29       0.34       0.8        0.74       2.95        0.32    0.5    -1.29  
  24809  14123  0.28       0.35       0.77       0.84       3.39        0.17    0.57   -1.29  
  24854  13878  0.2        0.23       0.5        0.56       3.1         0.14    0.55   -1.74  
  24884  14183  0.35       0.4        0.79       0.9        2.58        0.2     0.5    -1.11  
  24896  13991  0.24       0.29       0.57       0.77       3.12        0.09    0.58   -1.7   
  24991  13889  0.29       0.42       0.92       1.08       2.84        0.17    0.52   -1.57  
  25025  13891  0.33       0.36       0.76       1.07       3.1         0.25    0.58   -1.46  
  25151  13690  0.21       0.23       0.49       0.52       2.78        0.11    0.5    -1.84  
  25213  13712  0.21       0.23       0.49       0.54       2.82        0.0     0.53   -1.68  
  25239  13674  0.25       0.26       0.52       0.55       2.2         0.15    0.48   -1.21  
  25285  13630  0.2        0.22       0.45       0.48       2.68        0.1     0.5    -1.57  
  25308  13564  0.36       0.4        0.78       0.86       2.58        0.2     0.48   -1.36  
  25355  13474  0.28       0.32       0.66       0.75       2.98        0.25    0.53   -1.44  
  25391  13566  0.21       0.22       0.44       0.46       2.53        0.03    0.46   -1.67  
  25478  13558  0.33       0.35       0.74       0.79       2.88        0.31    0.52   -1.52  
  25514  13318  0.31       0.37       0.64       0.73       2.53        0.15    0.47   -1.19  
  25635  13136  0.29       0.31       0.64       0.67       2.53        0.09    0.47   -1.65  
  25715  13252  0.35       0.42       0.95       1.06       5.06        0.13    0.52   -1.89  
  25870  13655  0.18       0.19       0.4        0.41       2.65        0.04    0.49   -1.74  
  25873  12950  0.47       0.6        1.3        1.55       3.95        0.21    0.53   -1.7   
  25952  13056  0.19       0.19       0.41       0.43       2.65        0.05    0.49   -1.59  
  25981  13043  0.19       0.2        0.45       0.42       2.77        0.08    0.5    -1.64  
  26074  12895  0.35       0.39       0.66       0.74       1.84        0.46    0.47   -1.11  
  26085  12905  0.2        0.22       0.45       0.52       2.77        0.14    0.52   -1.68  
  26136  13070  0.23       0.26       0.56       0.62       2.91        0.24    0.56   -1.42  
  26222  12926  0.36       0.35       0.81       1.01       2.47        0.36    0.56   -1.11  
  26236  13110  0.21       0.24       0.47       0.56       2.56        0.2     0.53   -1.38  
  26252  12854  0.28       0.33       0.62       0.69       2.67        0.09    0.5    -1.53  
  26355  12588  0.42       0.48       0.95       1.12       3.11        0.07    0.5    -1.82  
  26459  12691  0.41       0.54       1.19       1.33       3.54        0.28    0.53   -1.55  
  26464  12597  0.42       0.41       1.1        1.18       3.41        0.04    0.53   -1.85  
  26474  12523  0.34       0.36       0.79       0.85       3.05        0.2     0.54   -1.64  
  26496  12763  0.41       0.48       1.0        1.05       3.6         0.37    0.5    -1.31  
  26554  12725  0.42       0.48       1.25       1.37       5.51        0.09    0.58   -2.09  
  26637  12522  0.23       0.24       0.63       0.72       3.42        0.17    0.61   -2.01  
  26654  12671  0.32       0.34       0.68       0.79       2.55        0.19    0.53   -1.49  
  26736  12285  0.41       0.53       1.02       1.24       2.57        0.19    0.45   -1.51  
  26766  12386  0.29       0.36       1.08       1.19       4.27        0.18    0.61   -1.98  
  26774  12579  0.17       0.18       0.39       0.41       2.78        0.06    0.52   -1.71  
