# ID - Goods-s only. not the UDF.
# Halflight -- measured in Kpc.
14.0 2.52830220198
16.0 18.4921138547
38.0 1.5781204935
81.0 3.78647043724
116.0 3.55845015532
168.0 1.61056190323
182.0 2.61738452304
207.0 2.09412742515
209.0 1.60893495928
259.0 2.80748054776
350.0 1.83096438709
365.0 2.20386657538
381.0 2.94278157778
384.0 2.69075755144
423.0 1.69015370499
442.0 2.57197302933
474.0 2.2036277242
554.0 1.66724514228
605.0 5.75054808416
693.0 2.70985595157
720.0 1.72735156253
724.0 1.6105566432
774.0 2.24863730836
789.0 4.02202814932
807.0 1.67538376539
827.0 1.54984106646
840.0 2.92245230192
877.0 1.356043592
989.0 1.86415348509
1019.0 1.56990686624
1063.0 1.76977177782
1074.0 2.11818569377
1104.0 5.08188988258
1106.0 2.88173003513
1145.0 1.50938126393
1164.0 5.04960283937
1192.0 1.32984252579
1201.0 4.06642929239
1222.0 2.17363217541
1236.0 6.08997354302
1243.0 2.88065012574
1250.0 2.23063314841
1266.0 2.05751478924
1278.0 2.63398630772
1297.0 4.90918842039
1336.0 2.81271135907
1346.0 2.70974111839
1353.0 1.92492700965
1405.0 2.35489485851
1440.0 1.75838377783
1441.0 1.52462373324
1448.0 4.06609501
1485.0 1.67752741096
1489.0 1.88519410069
1503.0 2.27457615898
1522.0 1.34595491759
1542.0 2.62701142442
1562.0 1.72582228379
1563.0 1.74120332434
1640.0 2.96624875577
1650.0 2.21308838903
1653.0 3.55987203282
1667.0 2.60547963649
1723.0 2.54299247879
1734.0 2.57650879579
1822.0 1.60950790047
1989.0 2.8692671727
2059.0 1.90011466194
2150.0 3.00929763907
2151.0 2.53652052365
2175.0 2.23693167178
2179.0 3.13636521952
2195.0 1.87090622219
2210.0 2.28869630808
2213.0 3.05110929611
2249.0 2.14426918642
2282.0 1.90591700658
2285.0 3.79844822836
2299.0 1.94907344539
2344.0 1.43685516306
2362.0 3.55996983078
2379.0 2.20393722749
2405.0 3.01892047255
2430.0 4.01029838421
2434.0 1.76468635198
2457.0 1.6400759925
2527.0 2.41325777877
2554.0 2.48821740983
2589.0 1.66484609747
2593.0 3.13590759067
2647.0 3.21865958937
2725.0 2.47658309897
2741.0 2.11799065717
2821.0 3.46744597289
2823.0 5.08065514142
2879.0 2.62255490512
2883.0 2.26516304634
2911.0 1.42251375801
2923.0 2.81782733942
2954.0 4.51958371607
2959.0 3.45582822754
2974.0 2.08959678085
3041.0 4.99539536212
3063.0 1.85544106952
3065.0 3.22083660112
3066.0 3.01892047255
3106.0 3.05139357389
3164.0 2.43241474589
3207.0 2.01818952072
3237.0 2.48662562802
3290.0 1.52549189967
3295.0 2.91839692343
3310.0 2.02626586275
3323.0 5.52331905033
3393.0 1.60887441168
3493.0 2.51247381098
3547.0 2.67368860784
3553.0 1.86407797587
3565.0 4.45041490476
3583.0 2.5368695455
3619.0 1.60024613127
3628.0 1.45510813905
3643.0 2.9538195395
3651.0 2.13181775397
3657.0 1.93635130098
3685.0 3.40854754106
3708.0 1.83523133036
3711.0 2.58667039062
3728.0 3.47521636637
3750.0 1.55354191896
3759.0 2.2029738379
3884.0 1.27997808453
3932.0 2.77837981318
3957.0 1.94916923462
3958.0 1.91334956355
3975.0 4.36449041775
3979.0 2.86366635419
4000.0 1.51085661172
4005.0 2.87219543378
4025.0 2.25966583598
4026.0 1.57501462827
4146.0 2.11864213618
4195.0 16.7672337003
4210.0 2.16209818477
4223.0 1.61010377626
4252.0 1.64841066033
4260.0 2.8808477809
4329.0 1.52580192573
4419.0 1.52416776669
4445.0 1.411261696
4523.0 1.8024853631
4525.0 3.80353539058
4563.0 2.28799494287
4613.0 2.28654895373
4639.0 4.27539040247
4695.0 4.0205061026
4726.0 2.10617692266
4730.0 5.07776337458
4746.0 1.67066365472
4762.0 3.55734810668
4822.0 3.47130698989
4856.0 1.83027808821
4861.0 2.03259892096
4967.0 1.52151387624
4992.0 2.83556328369
5004.0 5.44661291526
5114.0 2.82005876998
5214.0 1.77920978261
5247.0 2.54229684042
5288.0 2.92140648654
5378.0 2.60417985876
5381.0 2.49519100471
5382.0 2.96683707781
5428.0 5.08448676018
5482.0 2.28809161052
5498.0 3.21621102021
5527.0 3.30282634138
5583.0 2.25393156252
5591.0 1.62175515085
5645.0 2.87683536863
5646.0 2.15430407499
5693.0 5.43864927735
5699.0 4.906892057
5705.0 3.56020131727
5745.0 1.86487078799
5786.0 2.88176578613
5829.0 3.05115565012
5908.0 2.42958259299
5926.0 1.96121259014
5940.0 1.34613822137
5949.0 3.47241263991
6066.0 2.10198684127
6177.0 3.29839164321
6179.0 3.54717333899
6181.0 2.69795674697
6240.0 2.68284166921
6246.0 2.17621702253
6296.0 3.47058270943
6318.0 1.85548063358
6327.0 1.65798546559
6355.0 2.08591833014
6425.0 2.29967875857
6459.0 2.58220431143
6495.0 2.28844638719
6513.0 2.5412102591
6536.0 7.4546081479
6547.0 2.52191019224
6566.0 6.43830517326
6574.0 5.58691216971
6637.0 2.47752165741
6655.0 2.44376309679
6659.0 5.5946027812
6675.0 3.89810263762
6772.0 2.55862840583
6774.0 1.48824854487
6831.0 3.83958861251
6842.0 1.94963430254
6847.0 1.93985368191
6891.0 2.26863589212
6959.0 2.20238222455
7007.0 2.61699026796
7042.0 3.47382453778
7073.0 1.83063018578
7081.0 1.65461867989
7192.0 3.47080565329
7203.0 1.86752279796
7336.0 2.95251176267
7353.0 2.79592512204
7371.0 2.54300126418
7489.0 2.96683196441
7499.0 2.79724234605
7574.0 2.92451767694
7626.0 1.78010224668
7674.0 1.88649628706
7676.0 3.36988307626
7765.0 2.96454614796
7771.0 2.96682854751
7814.0 1.42243390249
7919.0 1.95692248569
7962.0 1.97371169032
7968.0 3.38399240771
7989.0 4.06878171255
8035.0 3.0445037696
8064.0 2.56133742447
8094.0 2.19084116279
8129.0 1.67898293834
8154.0 5.08599765328
8398.0 1.77619988101
8422.0 2.97296514126
8429.0 1.50858361259
8431.0 1.97990126031
8469.0 4.20286117946
8476.0 3.55970766556
8502.0 2.5202261127
8541.0 1.9361537046
8553.0 4.06847980771
8558.0 2.37384215565
8627.0 1.81724059958
8645.0 2.51552198371
8739.0 4.06497591773
8803.0 4.06879343658
8805.0 3.30299749931
8841.0 3.03308394259
8975.0 1.77222755881
8990.0 1.71218745007
9017.0 3.09288924016
9027.0 1.94963579399
9037.0 2.46555694804
9048.0 1.27214890764
9057.0 1.86006198516
9318.0 2.50956897552
9420.0 2.05178917805
9437.0 8.08043764808
9483.0 2.20393857703
9553.0 2.20393442896
9565.0 4.99838726849
9592.0 3.1842858906
9610.0 3.47541668741
9630.0 1.46258736413
9786.0 4.00959277132
9792.0 3.05153710478
9814.0 3.43994255919
9915.0 3.05065443599
9993.0 2.0503014407
10091.0 2.54162489799
10175.0 2.28690467707
10230.0 1.52128695119
10245.0 5.2799095987
10366.0 2.11916913913
10419.0 1.65577583701
10483.0 2.20367590922
10539.0 2.63577048662
10558.0 2.20377229854
10608.0 4.45502465395
10621.0 18.8177545011
10781.0 1.86344450239
10817.0 2.03439348374
10917.0 3.4753896842
10976.0 1.35623754469
11027.0 2.03071901227
11062.0 3.96435136535
11084.0 2.24096895044
11093.0 1.33807957013
11114.0 2.62659296472
11118.0 1.32115473017
11157.0 2.5214548354
11164.0 2.1184093484
11191.0 4.02797051703
11207.0 2.03440075273
11210.0 1.9581906739
11221.0 1.84573214051
11249.0 2.63829006785
11318.0 5.08600593392
11430.0 2.0518838359
11475.0 2.55413986492
11534.0 2.9668387721
11609.0 2.58451651827
11648.0 2.08906299357
11665.0 2.37346784657
11669.0 2.45818266774
11687.0 2.94789183409
11719.0 2.85441399992
11756.0 2.13575716771
11764.0 2.5005433874
11847.0 3.05149191141
11873.0 2.93627981157
11909.0 1.60334561069
11965.0 2.1473661805
11977.0 2.9668387721
11993.0 3.05142478554
12038.0 5.50981703737
12113.0 3.38325644511
12139.0 2.00850370446
12220.0 3.42921922904
12275.0 2.45741430763
12278.0 3.98404213799
12285.0 3.47541170375
12304.0 2.23974609199
12316.0 5.08405495934
12325.0 2.39345355087
12328.0 3.50853797535
12382.0 2.86322742353
12386.0 2.43954328814
12404.0 1.73301320031
12511.0 1.77615252318
12522.0 1.94961333727
12523.0 2.84122494072
12551.0 3.4137997279
12588.0 3.54571811328
12590.0 4.62668835404
12597.0 3.56020131727
12670.0 4.06267370811
12671.0 2.51882953757
12691.0 3.40631692502
12703.0 3.64361879936
12725.0 3.52915933584
12763.0 3.40246986801
12768.0 1.62636919034
12822.0 1.74214232212
12854.0 2.25353660542
12862.0 2.20095192069
12895.0 2.81864725831
12903.0 1.52540761386
12905.0 1.69465763207
12926.0 3.05158628442
12950.0 3.94012549697
12961.0 5.08470127052
13056.0 1.59406243754
13070.0 1.88629192933
13080.0 2.66977751379
13082.0 3.0832578306
13136.0 2.45649284997
13252.0 2.96682854751
13269.0 1.78005206858
13318.0 2.55110191548
13474.0 2.25943284248
13544.0 1.86476855548
13558.0 2.63947947904
13564.0 2.92351843638
13600.0 2.17878330315
13611.0 3.45760099148
13630.0 1.63812216764
13632.0 2.62607222016
13655.0 1.45374712954
13674.0 2.05392564129
13690.0 1.55146966991
13710.0 3.05035380997
13712.0 1.65720536467
13742.0 1.78766622161
13878.0 1.59199698891
13889.0 2.42335541732
13891.0 2.79615765914
13991.0 1.89130572047
14123.0 2.14971938993
14183.0 2.96519750011
14202.0 1.77962472362
14242.0 2.41570276726
14243.0 1.50542597033
14354.0 10.1409689709
14364.0 2.4580798689
14486.0 2.83085682979
14545.0 3.21452726751
14569.0 2.21824913903
14613.0 1.65919435622
14640.0 2.2886813602
14655.0 2.18078563425
14761.0 2.28038655712
14766.0 2.71202320253
