#ID RA DEC
54 53.1061542 -27.9516099
109 53.1050986 -27.9461143
258 53.1363615 -27.939223
274 53.0907378 -27.9395666
357 53.1000788 -27.9361716
366 53.1002665 -27.9364523
371 53.0917077 -27.9360139
377 53.0832739 -27.935494
397 53.0996945 -27.9347364
465 53.1400962 -27.9329165
494 53.1088667 -27.9316467
502 53.1617395 -27.9313224
535 53.1603935 -27.9303818
540 53.1102342 -27.9304933
550 53.1713052 -27.9301465
559 53.1752037 -27.9296252
570 53.105818 -27.9296013
603 53.1079245 -27.9286164
624 53.1493359 -27.9280912
627 53.1447578 -27.9284242
653 53.1606708 -27.9269761
658 53.0821575 -27.9269437
672 53.1541318 -27.9265603
688 53.1661602 -27.9260893
697 53.1581585 -27.9257154
710 53.1763592 -27.9255439
719 53.1750134 -27.9250638
745 53.1815953 -27.9241705
750 53.1550117 -27.9245455
777 53.1572525 -27.9234768
792 53.1670842 -27.9236863
798 53.1662482 -27.9228002
814 53.138987 -27.9224729
820 53.1560019 -27.922856
821 53.1694304 -27.922472
840 53.1716783 -27.9218356
842 53.1479173 -27.9217322
866 53.1128163 -27.9211476
867 53.2099654 -27.9210261
874 53.1755427 -27.9206644
881 53.180269 -27.9208566
899 53.1799269 -27.9206841
905 53.1473305 -27.9197982
908 53.1608589 -27.9198727
931 53.1160929 -27.9193868
939 53.1560466 -27.9191765
975 53.2075134 -27.9183163
1005 53.1733321 -27.917719
1031 53.162973 -27.9168822
1042 53.1636465 -27.9166946
1047 53.15992 -27.9165132
1052 53.1837868 -27.9162821
1054 53.1831468 -27.9176626
1057 53.1933607 -27.9161284
1064 53.159923 -27.9160917
1084 53.1936923 -27.9155864
1109 53.1390993 -27.9152572
1125 53.1683887 -27.9149755
1138 53.1708334 -27.9146636
1153 53.1504334 -27.9142909
1180 53.1724546 -27.9136475
1185 53.1703597 -27.9136667
1194 53.1672023 -27.9144033
1225 53.1563384 -27.9130623
1244 53.1953882 -27.9136237
1266 53.1637334 -27.9120514
1280 53.2025002 -27.9112634
1289 53.1635124 -27.9111888
1308 53.1723797 -27.9111932
1314 53.2153861 -27.9110418
1339 53.1830987 -27.910283
1341 53.2092354 -27.9102554
1354 53.2024509 -27.9097746
1364 53.220853 -27.9097545
1392 53.1676653 -27.9094734
1455 53.1886109 -27.9080574
1482 53.1484221 -27.9082326
1483 53.1485934 -27.9076348
1506 53.2112307 -27.9082988
1542 53.1623916 -27.9063386
1556 53.1619967 -27.9066958
1558 53.1883601 -27.9058495
1560 53.2043544 -27.9059092
1589 53.150827 -27.9054807
1623 53.1837407 -27.9044862
1643 53.1843529 -27.9041863
1646 53.1785248 -27.904294
1647 53.1553719 -27.9042681
1661 53.2128673 -27.9041911
1732 53.2242578 -27.9026498
1740 53.0923806 -27.9027095
1794 53.1556238 -27.9018014
1845 53.1330195 -27.9008636
1860 53.1760937 -27.9005442
1883 53.1697792 -27.9007874
1884 53.2114299 -27.9003002
1886 53.1145592 -27.9006907
1888 53.1720253 -27.900079
1898 53.1545002 -27.8998929
1907 53.1906069 -27.9003468
1909 53.1709126 -27.9004743
1926 53.1188104 -27.9001856
1929 53.2375839 -27.8999693
1942 53.0825867 -27.8995528
1946 53.0896156 -27.8999049
1985 53.2061243 -27.8984969
1986 53.15946 -27.8989329
1997 53.2027929 -27.8988436
2000 53.1688809 -27.8983019
2007 53.1857665 -27.8986621
2043 53.1877874 -27.898276
2065 53.1493373 -27.8974677
2109 53.1793424 -27.8973797
2136 53.1618938 -27.8970884
2179 53.1610366 -27.896071
2210 53.1897661 -27.8953694
2218 53.2003828 -27.8952568
2227 53.1890237 -27.8959937
2231 53.1283221 -27.895716
2236 53.1527613 -27.8953202
2255 53.1927567 -27.8945703
2269 53.1610995 -27.8944989
2278 53.2328259 -27.8946637
2292 53.1602079 -27.8945406
2296 53.1589591 -27.8944319
2298 53.2172577 -27.8941337
2308 53.2113565 -27.8937661
2322 53.1834795 -27.8938882
2324 53.1360842 -27.8937852
2349 53.196684 -27.8934798
2361 53.2111908 -27.8936461
2365 53.1412225 -27.8931878
2456 53.212662 -27.891739
2498 53.1857089 -27.8911472
2500 53.113311 -27.891269
2513 53.0952212 -27.89176
2520 53.1276738 -27.8910047
2567 53.187452 -27.8902436
2576 53.2413972 -27.8903643
2580 53.2547135 -27.8901565
2644 53.1645038 -27.8903886
2679 53.2577037 -27.8888733
2684 53.1601801 -27.8891938
2691 53.2557205 -27.8887622
2699 53.208537 -27.888714
2742 53.2128142 -27.8887476
2744 53.2106344 -27.8883668
2753 53.2133737 -27.8882541
2766 53.1882219 -27.8886634
2825 53.2664419 -27.8872418
2841 53.2447701 -27.8867353
2845 53.266235 -27.8867892
2887 53.2275177 -27.8863916
2912 53.2678862 -27.8859711
2923 53.2446033 -27.8864013
2926 53.1380785 -27.8872021
2933 53.2700247 -27.8858929
2941 53.2357533 -27.8856709
2954 53.202948 -27.8857416
2959 53.243963 -27.88553
3008 53.1899901 -27.8848914
3074 53.2481396 -27.8842409
3102 53.243237 -27.8836909
3169 53.2234065 -27.8831532
3175 53.2615417 -27.8829587
3194 53.2281868 -27.8827831
3200 53.1685747 -27.8831328
3211 53.1733667 -27.883164
3227 53.1056669 -27.8826077
3268 53.26081 -27.8817711
3280 53.0606151 -27.8823723
3304 53.082109 -27.8819673
3347 53.0878722 -27.8813031
3360 53.184637 -27.8809167
3382 53.2645855 -27.8805535
3397 53.1390735 -27.8806543
3506 53.2566515 -27.8792497
3560 53.2613746 -27.8786598
3593 53.2578701 -27.8785372
3594 53.1616492 -27.8784807
3643 53.0760044 -27.8781615
3644 53.1240263 -27.8785606
3656 53.0653613 -27.8785831
3666 53.2665176 -27.8778831
3746 53.2441442 -27.8768014
3750 53.2588567 -27.8766511
3790 53.0840807 -27.8773207
3792 53.2487897 -27.8763019
3796 53.1872488 -27.8764877
3852 53.1988998 -27.8762926
3895 53.202787 -27.8754442
3926 53.1302349 -27.8752374
3927 53.2468662 -27.8752482
3937 53.1963297 -27.8750919
3964 53.1661452 -27.874666
3971 53.0775917 -27.8748482
4061 53.1339882 -27.8742957
4140 53.2107931 -27.8739479
4204 53.1863168 -27.8728871
4235 53.2510609 -27.8721696
4237 53.2411126 -27.8724225
4260 53.2496144 -27.8719026
4291 53.2427327 -27.8719853
4331 53.071936 -27.8721088
4339 53.2541882 -27.8712962
4451 53.1873858 -27.8703901
4526 53.1573424 -27.8700866
4689 53.1224958 -27.8683679
4717 53.0617586 -27.867944
4773 53.1278608 -27.8674939
4820 53.0574308 -27.8674372
4876 53.0682135 -27.867
4932 53.1381316 -27.8654938
5001 53.0972362 -27.8657923
5032 53.2294555 -27.8644071
5128 53.1953321 -27.8633367
5158 53.1402899 -27.8634506
5197 53.1117644 -27.8627793
5529 53.1670541 -27.858942
5536 53.237326 -27.8592696
5552 53.0677463 -27.8591878
5559 53.2222133 -27.8585777
5599 53.1346132 -27.8586149
5608 53.1221543 -27.8582715
5641 53.1508519 -27.8583122
5843 53.1708814 -27.8562506
5868 53.1559794 -27.8559071
5904 53.0831805 -27.8561371
5986 53.0600832 -27.8546707
6024 53.1023365 -27.8543693
6118 53.0823342 -27.8536062
6129 53.2141713 -27.8530262
6278 53.0601149 -27.8529957
6300 53.2083236 -27.851431
6392 53.140705 -27.8505867
6463 53.0887672 -27.8504373
6549 53.0890355 -27.8490533
6588 53.1370532 -27.8500632
6664 53.1930509 -27.8480485
6676 53.0923032 -27.8479525
6730 53.0697631 -27.8475815
6752 53.0763996 -27.8486643
6780 53.0745639 -27.8472601
6839 53.0616187 -27.8462506
6895 53.094982 -27.8457816
6950 53.1562578 -27.8454768
6954 53.1103263 -27.8455952
7008 53.1378945 -27.8449699
7025 53.0637197 -27.8446244
7055 53.1227598 -27.8483046
7057 53.1938355 -27.8442792
7071 53.1372069 -27.8446494
7079 53.0896852 -27.8446014
7129 53.1935775 -27.8435125
7172 53.1939599 -27.8431947
7243 53.1018424 -27.8428
7259 53.1716707 -27.8424495
7308 53.0751522 -27.841774
7371 53.0998916 -27.8419381
7490 53.1190817 -27.8425475
7502 53.0721502 -27.84028
7545 53.0419835 -27.8396441
7552 53.2214517 -27.8400806
7578 53.0976352 -27.8402654
7638 53.031338 -27.8390613
7666 53.0410796 -27.8387053
7706 53.0841723 -27.8381416
7743 53.1896044 -27.8383936
8017 53.1864818 -27.8361155
8084 53.2110226 -27.8362975
8206 53.1435897 -27.8347056
8211 53.1698723 -27.8340916
8217 53.0705879 -27.8344667
8231 53.2197633 -27.8338229
8282 53.1501914 -27.8345311
8387 53.1014556 -27.8326823
8409 53.1572379 -27.8334458
8464 53.0733147 -27.8323651
8480 53.1814925 -27.8317962
8580 53.0678305 -27.8320754
8622 53.1327649 -27.8305947
8649 53.1463634 -27.8303583
8701 53.1804835 -27.8297462
8725 53.1308566 -27.8298509
8740 53.1676482 -27.8303676
8744 53.0313419 -27.8294841
8749 53.0345877 -27.8292781
8750 53.1628748 -27.8294671
8794 53.188313 -27.8293422
8823 53.1643798 -27.8286004
8833 53.030641 -27.8283215
8868 53.075513 -27.828314
8874 53.0787007 -27.8282639
8979 53.147109 -27.8277928
9051 53.1562087 -27.8267688
9067 53.169736 -27.8266286
9105 53.1551231 -27.8264733
9139 53.1626769 -27.8258348
9246 53.1413766 -27.8256965
9295 53.1716964 -27.8256599
9343 53.1671486 -27.824497
9358 53.1247187 -27.8245184
9392 53.0881543 -27.8238295
9407 53.1706133 -27.823788
9433 53.0261177 -27.8235025
9474 53.1697823 -27.8239387
9497 53.0817203 -27.8228807
9527 53.1567344 -27.8230665
9530 53.10379 -27.8232635
9557 53.0250097 -27.8226762
9623 53.0467012 -27.8220305
9651 53.0459133 -27.8221626
9655 53.1290871 -27.8216359
9705 53.0869807 -27.8211359
9793 53.03047 -27.8209999
9799 53.0718581 -27.8207039
9835 53.1734329 -27.8202831
9864 53.1483373 -27.8199081
9867 53.1729234 -27.8197987
9887 53.0278103 -27.8194708
9889 53.180146 -27.8206011
9935 53.0488284 -27.8197995
9983 53.2223306 -27.8197068
9995 53.0325725 -27.8187769
9996 53.1021645 -27.818911
10014 53.0588938 -27.8195009
10030 53.1667971 -27.8184969
10035 53.044367 -27.8185285
10050 53.0342624 -27.818341
10077 53.1640717 -27.8178928
10083 53.1472277 -27.8179516
10171 53.1123555 -27.8171143
10208 53.1781785 -27.8169289
10220 53.1758026 -27.8165568
10242 53.0305381 -27.8166635
10243 53.1625223 -27.8165485
10316 53.1622147 -27.8157754
10322 53.1782855 -27.8158139
10338 53.2034088 -27.8160148
10381 53.033061 -27.8151876
10395 53.1472906 -27.8151581
10404 53.2155302 -27.8152892
10433 53.1048051 -27.8146102
10437 53.1763436 -27.8147565
10442 53.0716423 -27.8148687
10446 53.091459 -27.8154466
10469 53.0813005 -27.8155628
10476 53.1578251 -27.8147568
10528 53.1634714 -27.8138459
10553 53.0483146 -27.8139284
10560 53.1648153 -27.8143715
10576 53.0459434 -27.8137118
10578 53.1652828 -27.814068
10590 53.0974213 -27.8134283
10602 53.1421448 -27.8137687
10634 53.1591577 -27.8137533
10663 53.1298318 -27.8133847
10698 53.1136781 -27.812728
10727 53.0451019 -27.8125551
10737 53.033681 -27.8119662
10752 53.1822105 -27.8117117
10767 53.1793465 -27.8125078
10769 53.2098978 -27.8119791
10790 53.1874046 -27.8122427
10879 53.1516586 -27.8108765
10918 53.0358043 -27.8109192
10973 53.1858293 -27.8099656
11006 53.1694184 -27.8103181
11023 53.04874 -27.8093244
11027 53.1722964 -27.8097405
11031 53.0231993 -27.8093557
11057 53.1382617 -27.809328
11061 53.0790399 -27.8094912
11079 53.16322 -27.8089867
11080 53.1549264 -27.8093997
11104 53.1571462 -27.8088078
11123 53.1288041 -27.8089509
11128 53.1836753 -27.8084068
11142 53.0927618 -27.8091111
11143 53.215537 -27.8088305
11160 53.1059386 -27.8084008
11161 53.1748494 -27.8079716
11173 53.1682894 -27.8081985
11203 53.1337206 -27.8078814
11204 53.1647367 -27.8079099
11210 53.1736624 -27.8082417
11288 53.1755476 -27.8068993
11342 53.1784385 -27.8065345
11350 53.0874915 -27.8066068
11382 53.1732132 -27.8061564
11388 53.1460503 -27.806446
11398 53.0867401 -27.8062218
11445 53.1529146 -27.8057627
11460 53.1829701 -27.806555
11465 53.0276845 -27.8054541
11521 53.1184437 -27.8053157
11539 53.0438949 -27.8048854
11571 53.17171 -27.8045614
11592 53.0516475 -27.8045999
11597 53.1496417 -27.8047953
11629 53.1707521 -27.8046888
11653 53.1407396 -27.803992
11693 53.186639 -27.8036685
11695 53.1690495 -27.8037212
11706 53.1544574 -27.8040279
11740 53.1158624 -27.8033806
11758 53.1932949 -27.8031068
11767 53.0199479 -27.8031704
11800 53.1613411 -27.8028699
11842 53.1641803 -27.8027385
11894 53.1860445 -27.802169
11923 53.0921218 -27.8018593
11943 53.0295202 -27.801661
11959 53.0309035 -27.8016639
12000 53.2118204 -27.801335
12002 53.1497369 -27.8011878
12122 53.0393615 -27.8018869
12146 53.0901083 -27.800048
12206 53.1313316 -27.7995158
12207 53.0567089 -27.7998304
12210 53.1525517 -27.8003728
12239 53.1295343 -27.7995852
12241 53.140459 -27.7990634
12254 53.1297725 -27.7991335
12266 53.1455764 -27.7988977
12291 53.0599949 -27.7988964
12337 53.15635 -27.7989733
12392 53.0173339 -27.7978119
12402 53.1479627 -27.7982944
12448 53.1679012 -27.7979524
12451 53.1576461 -27.799006
12470 53.1713235 -27.7978099
12511 53.0509677 -27.7973605
12516 53.0283434 -27.7975798
12529 53.1403058 -27.7975256
12530 53.0295241 -27.7968779
12543 53.0565492 -27.797
12550 53.0851425 -27.7969524
12567 53.1629988 -27.7976578
12596 53.1704262 -27.7972979
12616 53.1688136 -27.7969441
12624 53.1668951 -27.7987375
12668 53.1737646 -27.7963384
12670 53.1485141 -27.7969021
12672 53.0262486 -27.796537
12699 53.1993581 -27.7956105
12702 53.137771 -27.7955464
12743 53.1696872 -27.7970172
12751 53.1588038 -27.7971557
12752 53.124235 -27.7953628
12770 53.1405865 -27.7956178
12796 53.1433355 -27.7952658
12799 53.1746137 -27.7953789
12809 53.1526912 -27.7956332
12832 53.1270635 -27.7950472
12839 53.1674766 -27.7951916
12855 53.1807048 -27.7954255
12858 53.1516176 -27.796432
12893 53.1422421 -27.7954037
12938 53.1264602 -27.7942919
12988 53.0581816 -27.7938499
12999 53.1271236 -27.7938564
13012 53.1723848 -27.793924
13047 53.0257728 -27.7937863
13061 53.0947575 -27.793658
13066 53.1650674 -27.793659
13073 53.152572 -27.7938433
13137 53.121595 -27.7928059
13152 53.1741361 -27.7940052
13162 53.0996852 -27.7942891
13183 53.1679399 -27.7927261
13252 53.0391547 -27.7920767
13271 53.15126 -27.7924061
13295 53.043698 -27.7923478
13308 53.2112074 -27.7922827
13340 53.0808716 -27.79122
13373 53.1331413 -27.7910132
13397 53.1740405 -27.7910126
13414 53.1606476 -27.7917475
13506 53.1368873 -27.7906609
13508 53.1540401 -27.7908903
13552 53.1604174 -27.7903692
13586 53.1250836 -27.7907759
13587 53.1902054 -27.7898511
13649 53.149936 -27.7904637
13721 53.1915349 -27.7891755
13751 53.0287588 -27.7894815
13788 53.0293794 -27.788739
13811 53.2011498 -27.7881449
13849 53.1242079 -27.7887464
13854 53.1522822 -27.7879766
13871 53.1738666 -27.7884913
13975 53.1655341 -27.7881268
13994 53.1772202 -27.7873143
14020 53.0858345 -27.7874959
14037 53.1808219 -27.7873277
14040 53.1479843 -27.7876864
14042 53.1492899 -27.7885251
14091 53.1831289 -27.7871529
14096 53.0816285 -27.7864639
14191 53.1737242 -27.7871105
14195 53.0735026 -27.7867491
14196 53.1922316 -27.7860119
14198 53.2126632 -27.7859432
14257 53.1367862 -27.7860909
14258 53.1317111 -27.7855577
14263 53.1616646 -27.7874301
14309 53.1917166 -27.7851032
14329 53.0565042 -27.7854489
14332 53.2055306 -27.7855083
14362 53.2023117 -27.7854286
14378 53.1786763 -27.7849564
14424 53.1921752 -27.7845449
14447 53.0720176 -27.7856684
14456 53.1490505 -27.7850583
14479 53.1458986 -27.7846948
14505 53.0738287 -27.7841516
14524 53.1297986 -27.7840843
14533 53.1669704 -27.7847073
14586 53.1771584 -27.7840872
14587 53.1784856 -27.7840349
14598 53.186026 -27.7839912
14602 53.0610872 -27.7840825
14611 53.0758793 -27.7832983
14670 53.1822427 -27.7833118
14678 53.1842086 -27.7835066
14704 53.0622478 -27.7832656
14716 53.2163161 -27.7827106
14792 53.1298652 -27.7822552
14837 53.200552 -27.7820897
14908 53.2131802 -27.7820278
14932 53.0215553 -27.7814989
14947 53.1614335 -27.7817072
14949 53.0889221 -27.7819574
14969 53.1468878 -27.781772
15011 53.1817296 -27.7829921
15012 53.1743179 -27.7825209
15015 53.1490227 -27.7819584
15079 53.1301532 -27.7808609
15086 53.153464 -27.7809793
15139 53.1979638 -27.7800636
15163 53.190398 -27.7799557
15194 53.1173514 -27.7801034
15218 53.1428326 -27.7799186
15220 53.1332331 -27.7797913
15237 53.1305172 -27.7796859
15267 53.1528663 -27.7801208
15271 53.1453835 -27.7797453
15290 53.2216788 -27.7790585
15293 53.1545185 -27.7797185
15297 53.1820312 -27.7795452
15298 53.1449278 -27.7794791
15397 53.0384681 -27.7787308
15430 53.0403404 -27.7784914
15432 53.1461483 -27.779882
15451 53.1464198 -27.7783141
15482 53.1801971 -27.7790004
15485 53.1885272 -27.7788307
15517 53.1556467 -27.779298
15518 53.144492 -27.7790288
15547 53.1453477 -27.7788371
15555 53.1999385 -27.7776111
15558 53.1135923 -27.7774542
15565 53.1492089 -27.778801
15591 53.1582871 -27.7774498
15614 53.148896 -27.7775046
15622 53.2050479 -27.7768663
15656 53.0739969 -27.7777951
15750 53.1727984 -27.7763584
15766 53.1833664 -27.77611
15768 53.1833576 -27.7763826
15778 53.1304511 -27.7758809
15789 53.1538187 -27.7763367
15798 53.1600765 -27.7763563
15903 53.1305542 -27.7752126
15939 53.2038771 -27.7747849
15972 53.1595841 -27.7745731
16065 53.0522028 -27.7747699
16082 53.1833402 -27.7737757
16132 53.1441667 -27.7735519
16146 53.1987562 -27.7734031
16150 53.1507432 -27.7743444
16151 53.1584438 -27.7739679
16160 53.0781377 -27.7742133
16179 53.1639164 -27.7732174
16274 53.1310797 -27.773108
16277 53.1641949 -27.7729049
16280 53.0966979 -27.7723382
16281 53.1528773 -27.7724983
16328 53.0745564 -27.7724426
16338 53.0444591 -27.7717821
16346 53.1487142 -27.7729468
16428 53.2022045 -27.7711945
16430 53.1937948 -27.7712904
16437 53.1478141 -27.7713623
16444 53.1446546 -27.7711112
16486 53.2070942 -27.771283
16490 53.1316223 -27.7708717
16522 53.2034037 -27.7703306
16527 53.1560472 -27.7709472
16579 53.2010563 -27.7705086
16586 53.0469486 -27.7707033
16601 53.1135221 -27.7700281
16604 53.0730619 -27.7704602
16629 53.1544632 -27.7714349
16641 53.2290967 -27.7695828
16645 53.1514047 -27.7709887
16680 53.1442419 -27.7690585
16732 53.1522834 -27.7700851
16777 53.0953104 -27.7686668
16818 53.195221 -27.7678645
16827 53.1699386 -27.7683337
16841 53.1955206 -27.7680032
16844 53.0453957 -27.7681624
16899 53.0462976 -27.7673186
16905 53.0656058 -27.7678661
16934 53.1655647 -27.7697908
16970 53.1117888 -27.7671805
16985 53.0939231 -27.7677224
17027 53.153815 -27.7673086
17158 53.0962201 -27.766137
17172 53.1477776 -27.7656201
17227 53.1638739 -27.7653182
17255 53.1880661 -27.7646789
17284 53.1649178 -27.7651151
17338 53.1901118 -27.7640951
17354 53.0975043 -27.763926
17374 53.1721669 -27.7636447
17420 53.0343237 -27.7638417
17456 53.1474107 -27.763221
17488 53.0840687 -27.7636976
17673 53.14109 -27.7618482
17688 53.1521619 -27.7611656
17793 53.1676869 -27.7599315
17810 53.2062227 -27.7601994
17813 53.2242976 -27.7598852
17824 53.1722644 -27.7606224
17857 53.2062149 -27.7595009
17864 53.1003985 -27.7597631
17879 53.1411875 -27.7592428
17926 53.156738 -27.7589355
17937 53.1027626 -27.7593336
17973 53.1914751 -27.758522
17987 53.1652647 -27.7582955
18023 53.0905117 -27.7582571
18092 53.0138323 -27.7573587
18109 53.0371039 -27.7572421
18176 53.2189171 -27.7569345
18182 53.0139245 -27.7568165
18262 53.1512438 -27.755934
18320 53.013515 -27.7552331
18334 53.1503137 -27.7554931
18353 53.0994125 -27.7550251
18393 53.1028009 -27.756047
18406 53.2021641 -27.7549194
18426 53.0828728 -27.7549674
18462 53.0085913 -27.7538613
18493 53.2218942 -27.7541053
18509 53.0780465 -27.754003
18528 53.1878218 -27.7534326
18555 53.0229972 -27.753259
18609 53.1473444 -27.7534982
18691 53.1650104 -27.7518976
18705 53.1624941 -27.7519222
18882 53.0257109 -27.7505209
18936 53.0547987 -27.7503102
18980 53.0213353 -27.7504305
18991 53.0541037 -27.7499216
19051 53.0780445 -27.7496847
19104 53.1528762 -27.7492439
19149 53.1492273 -27.748589
19158 53.1938936 -27.7488334
19181 53.1105937 -27.7483843
19185 53.1264844 -27.7503101
19242 53.1937622 -27.7477866
19246 53.195443 -27.7475573
19262 53.1558189 -27.7491388
19274 53.1038531 -27.7476619
19276 53.0202879 -27.7476057
19314 53.1030673 -27.7472873
19323 53.2078637 -27.7471538
19413 53.2014646 -27.7470981
19425 53.0056418 -27.745532
19452 53.045839 -27.7498313
19494 53.1455307 -27.7451852
19498 53.1884485 -27.7451933
19504 53.1329149 -27.7458092
19520 53.2056534 -27.7449579
19548 53.0725566 -27.7444385
19549 53.0488214 -27.7456137
19630 53.0794733 -27.74419
19700 53.1949845 -27.7441628
19760 53.151297 -27.7429086
19797 53.1090119 -27.7425585
19802 53.1589172 -27.7426723
19809 53.1686572 -27.7421408
19824 53.0205794 -27.7421504
19833 53.0652325 -27.742898
19837 53.0639675 -27.7421614
19895 53.1620837 -27.7413974
19935 53.1508209 -27.7418206
19960 53.2017063 -27.7406781
20047 53.1117687 -27.7401548
20090 53.0478595 -27.7398248
20213 53.1088739 -27.7385708
20229 53.1810974 -27.7382506
20232 53.0478484 -27.7393913
20242 53.197031 -27.7381738
20253 53.1929134 -27.738362
20331 53.0953904 -27.737627
20343 53.0424586 -27.7378622
20401 53.0198402 -27.7367306
20417 53.1206151 -27.736584
20447 53.0454776 -27.7374923
20482 53.1924515 -27.7359928
20540 53.1000724 -27.7356157
20558 53.1708892 -27.73565
20568 53.0988163 -27.7365907
20628 53.1026958 -27.7354577
20659 53.1828388 -27.7349113
20672 53.1812832 -27.7341712
20790 53.1744481 -27.7332998
20792 53.0034534 -27.73347
20825 53.194143 -27.7333014
20831 53.0344919 -27.7334466
20834 53.1882684 -27.7337201
20861 53.1713081 -27.7329443
20884 53.0650061 -27.7326907
20905 53.1862944 -27.7336404
20936 53.1178322 -27.734301
21007 53.132624 -27.7322948
21098 53.1313598 -27.7307951
21103 53.0780132 -27.731026
21236 53.1818082 -27.7299209
21299 53.1722795 -27.7289391
21331 53.0467149 -27.7286995
21355 53.1773276 -27.7282356
21357 53.0442858 -27.7282001
21398 53.0145449 -27.7279195
21459 53.1857732 -27.7273466
21470 53.0914316 -27.727435
21527 53.0432933 -27.7271258
21564 53.1810888 -27.7268127
21568 53.0729921 -27.7268059
21624 53.090249 -27.7262749
21679 53.1809017 -27.7262834
21728 53.1773256 -27.7255612
21735 53.0628228 -27.7264618
21786 53.0182278 -27.7253215
21819 53.1251338 -27.7246933
21852 53.1888382 -27.725581
21891 53.0203681 -27.7246771
21897 53.142011 -27.7245651
21922 53.1745158 -27.7253593
21923 53.1926705 -27.7239803
21937 53.0065886 -27.7241686
22079 53.1619602 -27.722659
22123 53.1228269 -27.7228044
22236 53.10911 -27.7214939
22376 53.0656809 -27.7203816
22435 53.0578649 -27.7200877
22467 53.1819515 -27.7189167
22539 53.1873668 -27.7191868
22549 53.1253127 -27.7185316
22562 53.1291357 -27.7182978
22592 53.130815 -27.7177135
22602 53.1653218 -27.7185377
22608 53.0935692 -27.7177291
22611 53.0586036 -27.7177039
22613 53.1160348 -27.7182855
22649 53.1539981 -27.7175581
22702 53.0408236 -27.7190648
22711 53.0437577 -27.7191636
22849 53.0705375 -27.6956544
22878 53.1536826 -27.7071838
22915 53.0208177 -27.7066669
22917 53.0315484 -27.7072734
23095 53.1604153 -27.7077479
23170 53.1574375 -27.7090163
23179 53.1305455 -27.7095715
23249 53.0404791 -27.7107155
23312 53.1121808 -27.7110372
23375 53.1173939 -27.710787
23449 53.1263786 -27.7112469
23482 53.0146121 -27.7125391
23486 53.1183841 -27.7129369
23509 53.1348328 -27.7133618
23567 53.1370142 -27.7128503
23568 53.0980823 -27.713706
23615 53.1680004 -27.7113536
23632 53.1171903 -27.7134094
23714 53.0104115 -27.7140792
23842 53.1390094 -27.7152869
23888 53.1231701 -27.7155784
24004 53.1592637 -27.6682332
24006 53.1405869 -27.6729781
24019 53.1420756 -27.6681991
24150 53.1679902 -27.6669552
24211 53.1317224 -27.6690133
24280 53.1015604 -27.6769226
24351 53.1636264 -27.6655092
24358 53.1580721 -27.6737668
24552 53.1205215 -27.6810337
24624 53.0965458 -27.6882206
24768 53.1036304 -27.6800937
24809 53.1234419 -27.6827284
24854 53.105437 -27.6868793
24884 53.156878 -27.6809828
24896 53.1456239 -27.6852483
24991 53.0858181 -27.6867475
25025 53.0827618 -27.6861444
25151 53.1433323 -27.6900943
25213 53.065133 -27.6898493
25239 53.1453579 -27.6902429
25285 53.1345631 -27.6906532
25308 53.0792916 -27.691369
25355 53.1124497 -27.692628
25391 53.0761694 -27.6916083
25478 53.111644 -27.6915545
25514 53.1613782 -27.6943473
25635 53.0408847 -27.6968594
25715 53.0946848 -27.6946506
25870 53.1135583 -27.6904778
25873 53.133659 -27.6986513
25952 53.1211362 -27.6980751
25981 53.01325 -27.6985961
26074 53.1087095 -27.7000536
26085 53.0740749 -27.700128
26136 53.1454344 -27.6980053
26222 53.1117066 -27.698995
26236 53.1133356 -27.6977131
26252 53.0942927 -27.7009161
26355 53.034484 -27.7032739
26459 53.1290229 -27.7021682
26464 53.1254021 -27.7033751
26474 53.033715 -27.7050711
26496 53.0206631 -27.7008296
26554 53.1411618 -27.7010895
26637 53.1048567 -27.7052183
26654 53.0626031 -27.7025194
26688 53.0948044 -27.7032234
26736 53.110028 -27.7078607
26766 53.0624063 -27.7069132
26774 53.1483754 -27.7043089
