# Col. 1: ID in CANDELS multi-wavelength catalog (Guo et al. 2013)
# Col. 2: RA
# Col. 3: DEC
# Col. 4: Number of blobs with UV Luminosity L_blob/L_galaxy>0.01
# Col. 5: Number of blobs with UV Luminosity L_blob/L_galaxy>0.05
# Col. 6: Number of blobs with UV Luminosity L_blob/L_galaxy>0.08
# Col. 7: Number of blobs with UV Luminosity L_blob/L_galaxy>0.10
6 53.0999405 -27.9582797  0 0 0 0 
18 53.1035270 -27.9564824  4 4 4 3 
25 53.0848802 -27.9558190  0 0 0 0 
31 53.1038264 -27.9540187  1 1 1 1 
33 53.0837097 -27.9540596  0 0 0 0 
40 53.0882628 -27.9542560  5 1 0 0 
44 53.0865954 -27.9530261  0 0 0 0 
49 53.0906011 -27.9524238  1 1 0 0 
53 53.0836007 -27.9526205  0 0 0 0 
58 53.0852375 -27.9520347  3 1 0 0 
76 53.0832090 -27.9513285  0 0 0 0 
79 53.0905242 -27.9505466  5 4 1 1 
80 53.0776475 -27.9496553  6 4 4 4 
107 53.0851050 -27.9483683  6 2 0 0 
125 53.0794889 -27.9487353  0 0 0 0 
135 53.1422875 -27.9444707  0 0 0 0 
145 53.0803223 -27.9436714  0 0 0 0 
148 53.1241586 -27.9436967  1 1 1 1 
160 53.1307749 -27.9431965  0 0 0 0 
168 53.1350813 -27.9427085  0 0 0 0 
170 53.0879559 -27.9428157  1 1 1 1 
171 53.0842704 -27.9460495  4 3 0 0 
172 53.0786565 -27.9431844  0 0 0 0 
180 53.1048036 -27.9428683  3 3 3 1 
237 53.1087342 -27.9417797  1 1 1 1 
239 53.0930879 -27.9398607  1 0 0 0 
274 53.0907378 -27.9395666  3 2 1 1 
278 53.0833153 -27.9410792  4 0 0 0 
282 53.0898717 -27.9400053  1 1 0 0 
290 53.0942236 -27.9395718  3 3 0 0 
291 53.1007120 -27.9380655  0 0 0 0 
300 53.0869025 -27.9383494  3 2 2 2 
306 53.0897148 -27.9385134  0 0 0 0 
344 53.1357666 -27.9369545  3 3 0 0 
351 53.0804495 -27.9365458  1 0 0 0 
366 53.1002665 -27.9364523  6 4 1 0 
371 53.0917077 -27.9360139  1 1 1 1 
372 53.0929203 -27.9363229  2 2 2 1 
385 53.0732544 -27.9358932  6 5 1 0 
396 53.0661472 -27.9350315  3 2 1 0 
413 53.1095855 -27.9345624  1 0 0 0 
423 53.1012984 -27.9343370  0 0 0 0 
458 53.0742462 -27.9336699  0 0 0 0 
461 53.0875397 -27.9335780  6 2 1 0 
472 53.1298502 -27.9325784  1 1 1 1 
482 53.1035195 -27.9333230  2 2 1 1 
528 53.1134700 -27.9332940  1 0 0 0 
562 53.1293740 -27.9300490  0 0 0 0 
567 53.1345029 -27.9295530  0 0 0 0 
577 53.1107057 -27.9297257  4 4 2 2 
599 53.1112200 -27.9289624  1 1 1 1 
601 53.1176421 -27.9287474  2 2 1 1 
627 53.1447578 -27.9284242  0 0 0 0 
654 53.0965649 -27.9281001  5 1 0 0 
656 53.1759631 -27.9270460  1 1 1 1 
669 53.1210767 -27.9285142  7 1 0 0 
670 53.0916472 -27.9272525  4 4 1 0 
708 53.1031496 -27.9257192  5 5 4 2 
712 53.1226643 -27.9272789  6 0 0 0 
715 53.1099854 -27.9256742  2 2 1 1 
726 53.0963849 -27.9259724  5 0 0 0 
733 53.0950798 -27.9249625  0 0 0 0 
738 53.1104154 -27.9248013  2 2 2 2 
744 53.1588403 -27.9252460  8 2 1 1 
763 53.1135600 -27.9241415  3 3 2 2 
773 53.0853753 -27.9245102  6 3 1 0 
792 53.1670842 -27.9236863  11 2 0 0 
834 53.0909769 -27.9222882  1 1 1 1 
835 53.1793474 -27.9235984  8 0 0 0 
836 53.1221534 -27.9224250  4 3 2 2 
848 53.2132752 -27.9213091  0 0 0 0 
857 53.1407034 -27.9215992  1 0 0 0 
859 53.0949097 -27.9222094  3 3 3 3 
866 53.1128163 -27.9211476  0 0 0 0 
869 53.0947016 -27.9218829  1 1 1 0 
875 53.1258127 -27.9209379  3 3 1 0 
879 53.1254988 -27.9216916  3 1 1 1 
881 53.1802690 -27.9208566  0 0 0 0 
887 53.1505485 -27.9206006  0 0 0 0 
898 53.1848010 -27.9204316  2 2 2 2 
899 53.1799269 -27.9206841  3 1 1 1 
912 53.1787707 -27.9199873  3 3 3 3 
914 53.1397463 -27.9204540  2 2 2 0 
946 53.1456368 -27.9197734  4 3 1 1 
952 53.1271171 -27.9189594  3 3 2 2 
961 53.1177824 -27.9188230  2 2 2 1 
975 53.2075134 -27.9183163  1 1 1 1 
986 53.1516947 -27.9188848  0 0 0 0 
993 53.2048678 -27.9179461  1 1 1 1 
1005 53.1733321 -27.9177190  1 1 1 0 
1014 53.1071733 -27.9177094  1 1 0 0 
1040 53.1698357 -27.9181542  8 4 1 0 
1047 53.1599200 -27.9165132  2 2 2 1 
1051 53.0874120 -27.9164653  0 0 0 0 
1054 53.1831468 -27.9176626  9 0 0 0 
1103 53.1483093 -27.9154914  0 0 0 0 
1107 53.1925592 -27.9157994  2 2 2 1 
1118 53.1835721 -27.9150773  1 1 0 0 
1134 53.1249283 -27.9150301  3 2 1 1 
1170 53.1759826 -27.9146199  4 2 2 1 
1183 53.1465226 -27.9138834  0 0 0 0 
1188 53.1331398 -27.9159372  10 0 0 0 
1203 53.0862085 -27.9137569  1 1 1 1 
1228 53.1533706 -27.9139668  10 2 1 0 
1231 53.1055377 -27.9130812  0 0 0 0 
1237 53.1155219 -27.9143798  4 1 1 1 
1243 53.0979293 -27.9137236  6 1 0 0 
1253 53.1481242 -27.9130580  2 1 1 1 
1256 53.1048303 -27.9139264  0 0 0 0 
1257 53.1902708 -27.9123511  2 2 2 1 
1266 53.1637334 -27.9120514  0 0 0 0 
1270 53.1161026 -27.9122242  1 1 1 1 
1275 53.1628812 -27.9114866  1 1 0 0 
1278 53.1159140 -27.9121276  1 1 1 0 
1287 53.1154491 -27.9115286  0 0 0 0 
1297 53.1207496 -27.9111093  2 1 1 0 
1339 53.1830987 -27.9102830  2 2 1 1 
1356 53.1232578 -27.9097960  1 1 1 1 
1364 53.2208530 -27.9097545  5 2 1 0 
1387 53.1441957 -27.9098307  3 2 1 0 
1404 53.1779024 -27.9095396  2 1 1 1 
1442 53.2427138 -27.9081031  2 2 2 2 
1482 53.1484221 -27.9082326  7 3 2 1 
1500 53.1949209 -27.9069819  6 4 2 1 
1546 53.1109866 -27.9067422  6 0 0 0 
1617 53.1230639 -27.9046237  1 1 1 1 
1630 53.2347130 -27.9042579  0 0 0 0 
1648 53.1119495 -27.9064791  0 0 0 0 
1651 53.1127106 -27.9045230  5 2 1 1 
1664 53.0953045 -27.9039911  0 0 0 0 
1677 53.1986805 -27.9035325  1 1 1 1 
1694 53.1480792 -27.9037707  1 1 1 1 
1698 53.2122690 -27.9033119  1 1 1 1 
1706 53.1976892 -27.9037665  2 0 0 0 
1740 53.0923806 -27.9027095  0 0 0 0 
1742 53.2019846 -27.9044523  8 0 0 0 
1745 53.1830691 -27.9032084  5 2 1 1 
1784 53.0993428 -27.9022024  3 2 1 1 
1785 53.0824364 -27.9025498  6 6 3 1 
1799 53.1246553 -27.9019828  3 3 3 3 
1804 53.1270725 -27.9015185  0 0 0 0 
1811 53.2014212 -27.9015534  0 0 0 0 
1825 53.1652356 -27.9017614  2 2 2 1 
1841 53.1855081 -27.9011912  0 0 0 0 
1847 53.2352865 -27.9010592  1 1 1 1 
1856 53.0837975 -27.9011193  1 1 1 1 
1857 53.1371412 -27.9008582  1 1 0 0 
1882 53.1266630 -27.9003023  0 0 0 0 
1907 53.1906069 -27.9003468  1 1 0 0 
1912 53.1933678 -27.9038781  3 0 0 0 
1913 53.0753129 -27.9001712  4 4 2 2 
1918 53.1512308 -27.9012347  4 0 0 0 
1919 53.2055028 -27.8999509  3 3 3 2 
1926 53.1188104 -27.9001856  3 1 0 0 
1929 53.2375839 -27.8999693  3 3 1 1 
1930 53.1366610 -27.8996935  1 1 0 0 
1945 53.0870949 -27.8995281  0 0 0 0 
1947 53.1412108 -27.8995451  4 4 4 4 
1959 53.2458012 -27.8990401  3 3 2 2 
1974 53.1381505 -27.8990228  2 2 2 2 
1984 53.0803709 -27.9017025  0 0 0 0 
1993 53.0715227 -27.8985820  1 1 1 1 
2005 53.1426002 -27.8999694  4 0 0 0 
2007 53.1857665 -27.8986621  1 1 1 1 
2041 53.1516045 -27.8997256  2 0 0 0 
2046 53.1127464 -27.8987897  6 1 1 1 
2079 53.0802190 -27.8976000  3 3 2 2 
2095 53.2330763 -27.8991547  12 1 1 0 
2134 53.1037322 -27.8967371  2 1 1 1 
2149 53.0826025 -27.8965715  4 3 2 2 
2155 53.2553494 -27.8968457  5 4 3 1 
2157 53.2051833 -27.8968280  1 0 0 0 
2167 53.2158558 -27.8959208  0 0 0 0 
2168 53.2160423 -27.8959954  0 0 0 0 
2179 53.1610366 -27.8960710  1 0 0 0 
2189 53.2212573 -27.8958078  1 1 1 1 
2190 53.0649477 -27.8956982  0 0 0 0 
2192 53.0735650 -27.8965564  2 1 1 1 
2236 53.1527613 -27.8953202  1 0 0 0 
2237 53.2088796 -27.8950301  2 2 2 2 
2270 53.1066731 -27.8953089  2 2 1 1 
2276 53.2183081 -27.8954583  3 3 0 0 
2278 53.2328259 -27.8946637  2 2 2 2 
2285 53.1968260 -27.8943986  0 0 0 0 
2287 53.2552683 -27.8947637  2 2 0 0 
2288 53.0616305 -27.8943351  2 2 2 2 
2292 53.1602079 -27.8945406  2 2 2 2 
2309 53.1251353 -27.8940145  1 1 1 1 
2311 53.1424197 -27.8941840  0 0 0 0 
2361 53.2111908 -27.8936461  5 4 4 3 
2371 53.2453907 -27.8932845  1 1 1 1 
2373 53.1245947 -27.8932453  0 0 0 0 
2385 53.0778266 -27.8931093  0 0 0 0 
2391 53.2071713 -27.8928639  1 1 1 1 
2396 53.0699776 -27.8926647  0 0 0 0 
2415 53.2585270 -27.8930862  3 2 1 1 
2436 53.2116868 -27.8924045  0 0 0 0 
2445 53.1211065 -27.8927283  5 4 2 2 
2448 53.0603394 -27.8923425  3 3 3 3 
2468 53.0727348 -27.8919040  0 0 0 0 
2470 53.1793264 -27.8920199  2 2 2 1 
2543 53.1344147 -27.8909571  1 0 0 0 
2551 53.2366534 -27.8914955  3 2 1 1 
2556 53.1335287 -27.8907581  1 1 1 1 
2587 53.2328261 -27.8910974  6 3 1 1 
2590 53.2015639 -27.8905285  4 3 1 1 
2614 53.1971307 -27.8900550  2 2 2 1 
2615 53.0591754 -27.8899758  1 1 1 1 
2619 53.1635384 -27.8904751  1 1 0 0 
2621 53.1050196 -27.8930631  3 1 1 1 
2642 53.0658352 -27.8902013  2 2 2 2 
2656 53.1242108 -27.8896757  3 3 0 0 
2674 53.1441888 -27.8901286  1 1 1 0 
2697 53.2415909 -27.8895625  2 2 1 0 
2725 53.0752686 -27.8885968  2 2 2 2 
2744 53.2106344 -27.8883668  1 1 1 1 
2746 53.1239761 -27.8880621  0 0 0 0 
2753 53.2133737 -27.8882541  5 4 0 0 
2766 53.1882219 -27.8886634  5 4 1 1 
2792 53.1081287 -27.8877334  2 2 0 0 
2795 53.1127076 -27.8884458  4 4 2 1 
2805 53.0987158 -27.8901127  2 0 0 0 
2818 53.0984263 -27.8874024  1 1 1 0 
2821 53.1804864 -27.8873739  2 2 2 2 
2828 53.1126530 -27.8876830  0 0 0 0 
2839 53.2557848 -27.8871498  0 0 0 0 
2840 53.1103564 -27.8882476  2 0 0 0 
2842 53.2677581 -27.8870327  2 2 0 0 
2844 53.1773590 -27.8871035  2 1 1 1 
2846 53.2284268 -27.8867419  0 0 0 0 
2860 53.2322085 -27.8871027  3 2 2 1 
2885 53.1195818 -27.8864180  0 0 0 0 
2889 53.2122747 -27.8866387  0 0 0 0 
2924 53.2530917 -27.8884626  5 1 1 0 
2955 53.2156631 -27.8857413  0 0 0 0 
2975 53.1365849 -27.8857017  4 4 4 2 
2976 53.0760874 -27.8860645  6 3 1 0 
2982 53.1581514 -27.8855511  1 1 1 1 
2987 53.1288227 -27.8865071  3 3 3 3 
2994 53.0572270 -27.8850175  2 2 2 1 
2996 53.0968145 -27.8854700  2 1 1 1 
3001 53.0490122 -27.8849586  2 2 2 2 
3014 53.0502287 -27.8852659  0 0 0 0 
3021 53.1654829 -27.8853302  3 2 1 1 
3024 53.1334210 -27.8848869  1 1 0 0 
3026 53.1567540 -27.8853936  5 1 0 0 
3041 53.1321516 -27.8851806  3 2 1 1 
3063 53.1696010 -27.8850062  1 1 1 1 
3075 53.1260591 -27.8850584  2 1 1 1 
3081 53.1792302 -27.8845958  3 2 1 1 
3096 53.2641514 -27.8849535  0 0 0 0 
3107 53.1820251 -27.8839770  0 0 0 0 
3112 53.1255793 -27.8849688  1 0 0 0 
3149 53.2597298 -27.8849904  5 1 1 1 
3162 53.0534558 -27.8832825  0 0 0 0 
3178 53.2585526 -27.8834313  4 4 1 1 
3183 53.0605504 -27.8833115  0 0 0 0 
3188 53.2637058 -27.8851711  1 0 0 0 
3193 53.2632398 -27.8851455  0 0 0 0 
3202 53.0722121 -27.8829009  1 1 1 0 
3207 53.0624665 -27.8839920  8 1 0 0 
3243 53.0766447 -27.8826998  0 0 0 0 
3252 53.0589312 -27.8824422  0 0 0 0 
3257 53.1858025 -27.8828451  1 1 1 1 
3261 53.1347292 -27.8822812  0 0 0 0 
3279 53.1002633 -27.8825628  2 2 2 2 
3283 53.0589454 -27.8820726  2 2 2 2 
3302 53.0995850 -27.8829782  0 0 0 0 
3304 53.0821090 -27.8819673  2 2 2 2 
3348 53.2413138 -27.8810052  0 0 0 0 
3362 53.0554534 -27.8810504  3 3 2 2 
3368 53.0969862 -27.8815592  3 2 2 2 
3371 53.1246984 -27.8812150  1 1 1 0 
3380 53.1743754 -27.8816224  5 2 1 1 
3381 53.1896850 -27.8806775  0 0 0 0 
3389 53.1308799 -27.8810800  1 1 1 1 
3404 53.1025506 -27.8814859  10 1 0 0 
3416 53.1526194 -27.8805872  1 1 0 0 
3428 53.1953428 -27.8803888  2 2 2 2 
3455 53.2505250 -27.8808781  2 2 1 1 
3462 53.1859089 -27.8803876  5 1 0 0 
3466 53.0698118 -27.8804746  1 1 1 1 
3475 53.2611613 -27.8801408  2 2 1 0 
3511 53.2294934 -27.8800251  2 2 2 2 
3521 53.1395144 -27.8796467  0 0 0 0 
3531 53.2242142 -27.8797404  6 5 2 1 
3561 53.1368714 -27.8792206  3 3 2 2 
3584 53.0688506 -27.8796980  0 0 0 0 
3586 53.1397992 -27.8806182  9 0 0 0 
3610 53.0921036 -27.8791609  5 0 0 0 
3623 53.0966136 -27.8794138  6 4 3 1 
3625 53.2386023 -27.8783321  1 1 1 0 
3628 53.2007637 -27.8824048  0 0 0 0 
3631 53.1198978 -27.8786175  6 4 2 0 
3650 53.2458602 -27.8779069  3 3 3 3 
3653 53.0631781 -27.8783573  5 4 1 0 
3654 53.1744296 -27.8791516  5 1 1 1 
3658 53.0566195 -27.8795834  0 0 0 0 
3666 53.2665176 -27.8778831  6 5 4 0 
3689 53.0782557 -27.8784547  3 1 1 1 
3698 53.0739310 -27.8777613  3 3 0 0 
3721 53.1589580 -27.8778795  2 2 2 2 
3730 53.1405500 -27.8771894  1 1 1 1 
3737 53.1667392 -27.8770510  0 0 0 0 
3752 53.0673688 -27.8781695  3 1 1 1 
3764 53.2172234 -27.8765998  0 0 0 0 
3776 53.0539257 -27.8768993  0 0 0 0 
3777 53.2249551 -27.8766260  0 0 0 0 
3790 53.0840807 -27.8773207  5 3 0 0 
3804 53.2351255 -27.8762003  1 1 1 1 
3811 53.1564462 -27.8764257  2 1 1 1 
3819 53.2269401 -27.8766139  3 1 1 1 
3821 53.1664095 -27.8762515  0 0 0 0 
3847 53.1465789 -27.8767141  1 1 1 1 
3852 53.1988998 -27.8762926  1 0 0 0 
3857 53.0619488 -27.8767617  6 2 0 0 
3866 53.0602949 -27.8760499  2 2 2 1 
3877 53.1667636 -27.8760888  0 0 0 0 
3894 53.1172684 -27.8762584  0 0 0 0 
3921 53.0696849 -27.8757958  5 2 0 0 
3926 53.1302349 -27.8752374  1 1 0 0 
3936 53.1901658 -27.8750166  1 1 1 1 
3943 53.1052461 -27.8751422  0 0 0 0 
3944 53.2114080 -27.8749978  2 2 2 2 
3946 53.1890972 -27.8755557  2 2 1 1 
3972 53.2624803 -27.8747232  0 0 0 0 
3996 53.1352861 -27.8749954  4 2 1 0 
3997 53.1196572 -27.8755559  4 1 0 0 
4003 53.2046756 -27.8746954  1 1 1 1 
4019 53.0941344 -27.8755612  7 2 2 1 
4035 53.1949402 -27.8749422  7 1 1 0 
4043 53.1465405 -27.8742365  3 3 3 3 
4056 53.1130316 -27.8744750  3 2 1 1 
4062 53.0714521 -27.8755678  0 0 0 0 
4103 53.2268191 -27.8738722  3 1 1 0 
4150 53.0555791 -27.8740081  0 0 0 0 
4160 53.2540354 -27.8748923  4 0 0 0 
4161 53.2079424 -27.8743839  1 0 0 0 
4171 53.2517365 -27.8744888  8 2 0 0 
4187 53.1652022 -27.8739519  2 0 0 0 
4204 53.1863168 -27.8728871  3 3 3 3 
4216 53.0733864 -27.8745835  10 0 0 0 
4244 53.0698540 -27.8729159  5 4 3 1 
4259 53.1814831 -27.8724885  2 2 2 2 
4302 53.0645118 -27.8727748  4 1 0 0 
4312 53.1786426 -27.8721193  1 1 1 1 
4331 53.0719360 -27.8721088  3 3 3 2 
4382 53.1740151 -27.8711835  0 0 0 0 
4383 53.2120222 -27.8714504  1 1 1 1 
4401 53.0608829 -27.8711303  1 1 1 1 
4411 53.1521116 -27.8710147  2 2 2 1 
4415 53.2229490 -27.8715657  1 1 0 0 
4418 53.1204864 -27.8707423  3 3 3 2 
4477 53.0781633 -27.8708156  7 5 1 1 
4580 53.2253511 -27.8691779  3 2 2 1 
4589 53.1639687 -27.8689383  7 7 4 1 
4608 53.0813070 -27.8715857  2 1 1 1 
4627 53.0719359 -27.8692530  1 1 1 0 
4634 53.0536557 -27.8691884  2 2 2 2 
4638 53.0781322 -27.8701530  3 2 2 2 
4639 53.1417603 -27.8685025  3 3 2 2 
4655 53.0512915 -27.8701078  0 0 0 0 
4656 53.1064103 -27.8691873  4 4 2 0 
4667 53.1401513 -27.8684052  1 1 1 1 
4686 53.1569112 -27.8680321  0 0 0 0 
4689 53.1224958 -27.8683679  3 3 3 1 
4694 53.2467827 -27.8677531  0 0 0 0 
4701 53.1530965 -27.8685676  4 4 4 3 
4702 53.0493286 -27.8682264  0 0 0 0 
4703 53.0492634 -27.8680319  0 0 0 0 
4731 53.1781078 -27.8680751  5 4 1 0 
4784 53.2124513 -27.8671922  4 3 2 0 
4797 53.1577417 -27.8670323  0 0 0 0 
4820 53.0574308 -27.8674372  1 1 1 1 
4854 53.0827048 -27.8665671  0 0 0 0 
4862 53.0888983 -27.8680917  6 0 0 0 
4875 53.0548106 -27.8662456  1 1 1 1 
4876 53.0682135 -27.8670000  5 1 1 0 
4884 53.2149424 -27.8660245  0 0 0 0 
4890 53.0451714 -27.8667643  0 0 0 0 
4901 53.1780368 -27.8664611  3 1 1 1 
4908 53.1419937 -27.8665652  2 1 0 0 
4931 53.0617450 -27.8659533  1 1 1 1 
4937 53.1640091 -27.8658608  1 1 0 0 
4939 53.2183160 -27.8655242  2 2 1 1 
4986 53.0659200 -27.8649887  2 2 2 2 
4991 53.1683219 -27.8654851  0 0 0 0 
4997 53.2467073 -27.8649942  0 0 0 0 
5022 53.1794540 -27.8653439  3 2 1 1 
5054 53.1796799 -27.8649487  1 1 0 0 
5067 53.2136458 -27.8644705  2 2 2 2 
5068 53.0861976 -27.8644823  0 0 0 0 
5082 53.2113241 -27.8642919  0 0 0 0 
5084 53.0491818 -27.8638141  0 0 0 0 
5105 53.1739062 -27.8650488  4 3 1 1 
5132 53.0641382 -27.8634726  1 0 0 0 
5145 53.1060669 -27.8651923  8 2 0 0 
5153 53.1689802 -27.8636201  1 1 1 1 
5157 53.0893489 -27.8644181  0 0 0 0 
5159 53.0861551 -27.8633544  1 1 1 0 
5163 53.1790673 -27.8646370  0 0 0 0 
5180 53.0473395 -27.8631471  0 0 0 0 
5190 53.0672492 -27.8629350  3 3 2 2 
5205 53.1084612 -27.8632567  5 1 1 1 
5221 53.1965717 -27.8632050  4 2 0 0 
5222 53.1239433 -27.8630950  2 1 1 1 
5257 53.1217808 -27.8625880  0 0 0 0 
5289 53.1363946 -27.8642091  3 0 0 0 
5301 53.1705055 -27.8621023  1 1 1 1 
5309 53.0383844 -27.8621012  0 0 0 0 
5339 53.2278533 -27.8612513  0 0 0 0 
5351 53.1780831 -27.8617475  0 0 0 0 
5355 53.1345295 -27.8613847  3 3 3 3 
5365 53.1192009 -27.8611524  3 3 3 2 
5366 53.0701693 -27.8610788  0 0 0 0 
5377 53.2283619 -27.8607488  0 0 0 0 
5382 53.1508651 -27.8611639  4 4 3 1 
5402 53.1966819 -27.8604626  4 3 3 1 
5418 53.0832956 -27.8604483  0 0 0 0 
5426 53.1073263 -27.8621651  6 1 1 0 
5455 53.1553965 -27.8600734  1 1 1 1 
5471 53.2227572 -27.8598493  0 0 0 0 
5477 53.2292986 -27.8598934  0 0 0 0 
5487 53.1937496 -27.8594829  1 1 1 1 
5492 53.1741481 -27.8597942  2 2 1 1 
5499 53.1309823 -27.8604093  3 0 0 0 
5536 53.2373260 -27.8592696  2 2 1 1 
5537 53.2185240 -27.8590896  1 1 1 1 
5542 53.2344949 -27.8592645  7 5 2 1 
5552 53.0677463 -27.8591878  2 2 2 2 
5556 53.0862731 -27.8617271  13 0 0 0 
5563 53.0773126 -27.8595809  1 1 0 0 
5604 53.1534101 -27.8586339  3 3 1 1 
5624 53.1901061 -27.8591794  1 1 1 0 
5652 53.0854282 -27.8581424  0 0 0 0 
5670 53.1936708 -27.8577915  0 0 0 0 
5672 53.1681260 -27.8578700  2 2 2 2 
5682 53.1255112 -27.8587781  3 1 1 0 
5691 53.0491120 -27.8590544  5 1 0 0 
5693 53.2077873 -27.8580621  3 1 0 0 
5698 53.2363379 -27.8572309  0 0 0 0 
5700 53.2219233 -27.8593993  9 0 0 0 
5727 53.1806188 -27.8569757  0 0 0 0 
5728 53.0891872 -27.8572853  1 1 1 0 
5729 53.2278532 -27.8568876  0 0 0 0 
5761 53.1507072 -27.8573540  2 2 2 2 
5762 53.0618329 -27.8566025  1 1 1 1 
5770 53.0492515 -27.8567456  2 0 0 0 
5792 53.0759618 -27.8571905  4 1 0 0 
5826 53.2055847 -27.8562834  2 1 1 0 
5856 53.0585336 -27.8568078  2 1 1 1 
5865 53.0641580 -27.8571721  9 0 0 0 
5867 53.1075659 -27.8556800  0 0 0 0 
5889 53.0951695 -27.8567968  7 0 0 0 
5893 53.1951482 -27.8558677  1 0 0 0 
5904 53.0831805 -27.8561371  5 2 2 2 
5919 53.0441588 -27.8562357  0 0 0 0 
5939 53.1352872 -27.8555582  2 2 1 1 
5948 53.0559884 -27.8550958  1 1 0 0 
5952 53.0295835 -27.8554336  0 0 0 0 
5953 53.0305324 -27.8556606  0 0 0 0 
5981 53.1031201 -27.8554295  3 1 1 1 
6015 53.1378267 -27.8566322  2 1 0 0 
6016 53.2203502 -27.8555078  5 0 0 0 
6028 53.0316715 -27.8542247  0 0 0 0 
6040 53.1904785 -27.8537648  2 1 1 1 
6047 53.2039949 -27.8543474  3 3 2 2 
6138 53.2205787 -27.8534706  3 2 2 1 
6152 53.0255851 -27.8535117  0 0 0 0 
6159 53.1646920 -27.8533358  4 3 3 0 
6163 53.1642518 -27.8535196  4 2 2 2 
6188 53.0710309 -27.8537075  5 1 0 0 
6195 53.1753538 -27.8526097  1 1 1 1 
6214 53.0720273 -27.8536603  2 2 1 1 
6221 53.2202740 -27.8540907  8 2 0 0 
6311 53.0314591 -27.8514404  0 0 0 0 
6342 53.0955295 -27.8512778  3 3 3 2 
6349 53.2049479 -27.8513197  5 3 1 0 
6377 53.1629707 -27.8513280  1 1 1 0 
6389 53.2062984 -27.8516071  6 1 1 1 
6411 53.0623235 -27.8512594  0 0 0 0 
6413 53.1468944 -27.8513305  0 0 0 0 
6422 53.0619006 -27.8510455  1 1 1 1 
6434 53.1851531 -27.8507192  3 1 0 0 
6463 53.0887672 -27.8504373  1 1 0 0 
6495 53.0722165 -27.8497650  1 1 1 0 
6513 53.2053920 -27.8498427  5 5 4 2 
6517 53.1049939 -27.8500229  4 3 2 2 
6518 53.2325953 -27.8512776  0 0 0 0 
6543 53.0962636 -27.8490298  0 0 0 0 
6546 53.2316603 -27.8494783  1 1 1 1 
6557 53.0284741 -27.8486963  2 2 2 1 
6560 53.0573878 -27.8490553  0 0 0 0 
6588 53.1370532 -27.8500632  2 0 0 0 
6615 53.2346548 -27.8484608  4 3 2 0 
6634 53.1761254 -27.8489485  1 1 1 0 
6652 53.0365730 -27.8495889  0 0 0 0 
6655 53.0627265 -27.8489162  3 2 1 0 
6657 53.0498847 -27.8478588  0 0 0 0 
6714 53.1035347 -27.8479448  3 3 2 1 
6747 53.0742295 -27.8479986  0 0 0 0 
6752 53.0763996 -27.8486643  1 1 1 1 
6770 53.0832469 -27.8479947  8 0 0 0 
6773 53.1357286 -27.8483135  5 1 0 0 
6821 53.2291751 -27.8476775  3 3 3 2 
6854 53.1423863 -27.8462859  2 1 0 0 
6887 53.2285191 -27.8463438  1 1 1 1 
6961 53.1997931 -27.8452360  0 0 0 0 
6980 53.2300152 -27.8452039  1 1 0 0 
6997 53.2148657 -27.8457374  4 4 4 3 
7025 53.0637197 -27.8446244  0 0 0 0 
7034 53.1020377 -27.8461169  3 2 2 2 
7036 53.0418329 -27.8448728  0 0 0 0 
7047 53.0405550 -27.8443987  0 0 0 0 
7079 53.0896852 -27.8446014  4 0 0 0 
7127 53.1018778 -27.8438563  2 2 2 1 
7141 53.0627804 -27.8450075  4 1 1 1 
7143 53.1258684 -27.8436967  1 0 0 0 
7145 53.2277327 -27.8436760  1 0 0 0 
7153 53.1796798 -27.8438800  1 1 1 1 
7155 53.1739414 -27.8433270  0 0 0 0 
7183 53.1154940 -27.8446661  3 1 0 0 
7184 53.0716940 -27.8436313  0 0 0 0 
7195 53.1618831 -27.8458399  5 0 0 0 
7209 53.1421745 -27.8428208  2 2 2 2 
7230 53.1506671 -27.8436336  1 1 1 1 
7243 53.1018424 -27.8428000  2 1 0 0 
7246 53.1988640 -27.8439117  1 0 0 0 
7267 53.1001751 -27.8427231  2 1 0 0 
7273 53.0498721 -27.8427405  3 2 1 1 
7279 53.1128072 -27.8420844  0 0 0 0 
7322 53.0990208 -27.8419061  2 2 2 1 
7351 53.0905015 -27.8421348  1 1 1 1 
7384 53.1566737 -27.8432701  4 0 0 0 
7401 53.0560575 -27.8427864  10 1 0 0 
7409 53.0772742 -27.8411970  0 0 0 0 
7433 53.2033758 -27.8415411  2 2 1 1 
7462 53.1604614 -27.8405723  2 2 2 2 
7490 53.1190817 -27.8425475  2 0 0 0 
7527 53.1560082 -27.8402906  3 1 0 0 
7533 53.0314794 -27.8401081  1 1 0 0 
7544 53.1538262 -27.8402162  2 2 2 1 
7551 53.1314354 -27.8413275  1 1 1 0 
7561 53.1673559 -27.8404586  0 0 0 0 
7568 53.0275188 -27.8412787  7 1 1 0 
7572 53.1720177 -27.8395081  3 3 3 3 
7598 53.0415124 -27.8390445  1 1 1 1 
7603 53.1244243 -27.8393520  0 0 0 0 
7613 53.1475346 -27.8391973  1 1 1 1 
7618 53.0862449 -27.8395024  1 1 1 1 
7638 53.0313380 -27.8390613  0 0 0 0 
7658 53.1329389 -27.8392488  3 3 3 3 
7668 53.0520485 -27.8390492  4 3 1 1 
7671 53.1319571 -27.8391934  1 1 1 1 
7674 53.0335519 -27.8384173  0 0 0 0 
7705 53.1796168 -27.8392107  4 4 0 0 
7717 53.0819992 -27.8398740  10 0 0 0 
7728 53.1580335 -27.8383962  4 4 3 2 
7743 53.1896044 -27.8383936  0 0 0 0 
7806 53.1696928 -27.8380414  1 1 1 0 
7828 53.0843092 -27.8372801  2 2 2 1 
7837 53.1077576 -27.8388125  11 3 0 0 
7880 53.2149395 -27.8382374  4 1 0 0 
7907 53.1557205 -27.8371272  3 0 0 0 
7926 53.0943427 -27.8375637  8 6 6 2 
7930 53.1544836 -27.8365042  3 3 2 2 
7935 53.1656006 -27.8368275  4 3 3 3 
7941 53.2140917 -27.8362608  1 1 1 1 
7945 53.1139866 -27.8377629  8 3 1 1 
7968 53.0278992 -27.8357014  2 2 2 2 
7978 53.2203321 -27.8357726  1 1 1 1 
7996 53.0532211 -27.8369074  4 2 1 1 
8008 53.1767992 -27.8403460  0 0 0 0 
8030 53.0409406 -27.8360669  2 2 2 2 
8080 53.1418136 -27.8360230  6 5 3 1 
8089 53.0477049 -27.8351792  3 1 1 0 
8105 53.1409190 -27.8347675  2 2 2 0 
8113 53.1440363 -27.8351127  1 1 1 1 
8122 53.1872973 -27.8348195  0 0 0 0 
8128 53.2261438 -27.8345311  2 2 2 2 
8165 53.2165978 -27.8342650  1 1 1 1 
8166 53.0832602 -27.8347778  2 2 2 1 
8182 53.2162222 -27.8343902  0 0 0 0 
8184 53.1424244 -27.8341586  0 0 0 0 
8240 53.1879931 -27.8339767  3 3 2 2 
8281 53.0726900 -27.8342062  0 0 0 0 
8283 53.1697363 -27.8335059  3 2 1 1 
8284 53.1573363 -27.8336827  3 3 2 0 
8285 53.1259714 -27.8332311  1 1 1 1 
8352 53.1108683 -27.8338659  4 3 1 1 
8353 53.0501523 -27.8331751  1 1 1 1 
8394 53.1023896 -27.8329209  4 2 1 1 
8398 53.2181350 -27.8336871  3 3 2 1 
8403 53.1237923 -27.8325665  0 0 0 0 
8409 53.1572379 -27.8334458  2 2 2 1 
8443 53.1325230 -27.8329161  2 2 2 2 
8488 53.1152086 -27.8324532  4 2 1 0 
8512 53.0623697 -27.8348342  8 2 0 0 
8519 53.2002843 -27.8315001  2 2 2 2 
8525 53.0531341 -27.8317066  2 1 1 1 
8531 53.0676273 -27.8317071  1 1 1 1 
8540 53.1462681 -27.8314738  3 3 0 0 
8555 53.1867021 -27.8316577  1 1 1 1 
8575 53.1590528 -27.8326119  4 1 1 1 
8578 53.0659556 -27.8317042  1 1 1 1 
8580 53.0678305 -27.8320754  0 0 0 0 
8586 53.0765209 -27.8311221  4 4 3 2 
8620 53.1006445 -27.8311752  1 1 0 0 
8629 53.0437775 -27.8304643  0 0 0 0 
8681 53.1274746 -27.8299875  0 0 0 0 
8685 53.0629846 -27.8310153  3 1 0 0 
8692 53.1312213 -27.8303996  1 0 0 0 
8725 53.1308566 -27.8298509  0 0 0 0 
8732 53.0893042 -27.8302206  1 1 1 0 
8736 53.0425886 -27.8304209  4 2 1 0 
8740 53.1676482 -27.8303676  4 4 2 2 
8760 53.2155261 -27.8308352  3 2 1 1 
8765 53.0879057 -27.8308460  5 0 0 0 
8831 53.0274488 -27.8290743  0 0 0 0 
8834 53.2028944 -27.8295160  9 5 0 0 
8850 53.1262601 -27.8291158  4 1 0 0 
8862 53.2011194 -27.8285495  1 1 1 0 
8872 53.1781627 -27.8283222  1 1 0 0 
8876 53.1860796 -27.8282760  0 0 0 0 
8897 53.1404542 -27.8280675  2 2 1 1 
8902 53.1925208 -27.8286218  2 1 0 0 
8914 53.0707197 -27.8278459  1 1 1 1 
8938 53.0621885 -27.8280866  3 3 3 3 
8942 53.0751360 -27.8314155  4 1 0 0 
8946 53.0898888 -27.8282410  3 3 2 2 
8970 53.1423395 -27.8276413  0 0 0 0 
8979 53.1471090 -27.8277928  3 2 2 0 
9010 53.1878027 -27.8282911  1 1 1 1 
9024 53.0523289 -27.8272767  1 1 1 1 
9027 53.0463264 -27.8273442  3 3 2 2 
9031 53.1861051 -27.8275517  3 3 2 2 
9080 53.0504698 -27.8274058  2 2 1 0 
9089 53.0923808 -27.8268279  0 0 0 0 
9097 53.2180064 -27.8264901  0 0 0 0 
9111 53.2017666 -27.8266353  0 0 0 0 
9123 53.2150532 -27.8260651  1 1 1 1 
9203 53.0950532 -27.8262024  4 4 3 2 
9204 53.1898714 -27.8267092  0 0 0 0 
9229 53.0689108 -27.8262512  1 1 1 1 
9245 53.0938999 -27.8257208  1 1 1 0 
9246 53.1413766 -27.8256965  6 4 0 0 
9258 53.1460077 -27.8256708  2 1 0 0 
9282 53.1514416 -27.8258686  0 0 0 0 
9307 53.0886082 -27.8248598  3 3 2 2 
9312 53.0673312 -27.8282659  2 0 0 0 
9331 53.0891844 -27.8248829  3 3 3 3 
9334 53.1825666 -27.8243683  0 0 0 0 
9342 53.0569747 -27.8262091  9 0 0 0 
9407 53.1706133 -27.8237880  2 2 1 1 
9430 53.0809948 -27.8238380  2 1 1 0 
9433 53.0261177 -27.8235025  2 0 0 0 
9473 53.1507320 -27.8255124  2 2 2 2 
9474 53.1697823 -27.8239387  5 2 1 1 
9480 53.1984916 -27.8235859  4 1 1 1 
9527 53.1567344 -27.8230665  3 3 2 2 
9557 53.0250097 -27.8226762  3 3 1 0 
9562 53.0353201 -27.8226623  1 1 1 1 
9601 53.1310308 -27.8235729  5 0 0 0 
9609 53.2216989 -27.8223739  2 2 2 2 
9610 53.2050156 -27.8221743  2 2 1 0 
9628 53.1473463 -27.8224277  5 4 3 1 
9659 53.0595758 -27.8224074  3 3 0 0 
9717 53.0473535 -27.8211151  1 1 1 1 
9726 53.1862694 -27.8229972  10 2 0 0 
9746 53.2165701 -27.8216061  0 0 0 0 
9756 53.0282349 -27.8226856  3 3 3 3 
9757 53.0341849 -27.8208518  2 2 2 2 
9770 53.0589693 -27.8210240  0 0 0 0 
9793 53.0304700 -27.8209999  3 2 1 1 
9834 53.1488269 -27.8211207  1 1 1 1 
9839 53.1421689 -27.8202774  0 0 0 0 
9884 53.0516058 -27.8201934  1 1 1 1 
9921 53.0771785 -27.8205226  6 1 0 0 
9926 53.0275293 -27.8215162  9 1 0 0 
9935 53.0488284 -27.8197995  2 1 0 0 
9955 53.2331663 -27.8200929  0 0 0 0 
9998 53.1147522 -27.8192275  1 0 0 0 
10023 53.2184806 -27.8186599  0 0 0 0 
10028 53.0783793 -27.8194651  1 1 0 0 
10039 53.0206474 -27.8187544  0 0 0 0 
10057 53.2117168 -27.8188472  1 0 0 0 
10067 53.0811722 -27.8185983  2 2 2 2 
10069 53.1887672 -27.8181624  0 0 0 0 
10080 53.0166360 -27.8179863  0 0 0 0 
10122 53.0169621 -27.8174337  2 2 2 2 
10136 53.0897412 -27.8182926  4 3 2 1 
10203 53.1912106 -27.8172820  1 0 0 0 
10294 53.1416299 -27.8165594  0 0 0 0 
10299 53.2259576 -27.8177133  2 1 1 1 
10302 53.1383849 -27.8163172  0 0 0 0 
10319 53.1677590 -27.8167044  2 0 0 0 
10348 53.0667541 -27.8165932  1 1 1 1 
10368 53.1363440 -27.8165370  1 1 1 1 
10372 53.0892781 -27.8171845  4 2 1 1 
10394 53.2261435 -27.8173143  0 0 0 0 
10413 53.1207613 -27.8189852  0 0 0 0 
10421 53.1912026 -27.8154179  1 1 1 1 
10446 53.0914590 -27.8154466  0 0 0 0 
10457 53.0955035 -27.8159370  7 1 1 1 
10465 53.1084910 -27.8155980  4 1 0 0 
10469 53.0813005 -27.8155628  7 2 1 0 
10493 53.1313426 -27.8149379  4 1 1 1 
10494 53.0918296 -27.8143300  2 2 2 2 
10496 53.1644523 -27.8153413  4 1 0 0 
10513 53.0802608 -27.8156028  3 2 1 0 
10558 53.1262644 -27.8145371  5 2 1 0 
10565 53.1371817 -27.8156638  5 0 0 0 
10574 53.1117413 -27.8140300  3 3 3 3 
10586 53.0963433 -27.8136864  3 3 0 0 
10644 53.1360014 -27.8135466  5 2 0 0 
10663 53.1298318 -27.8133847  1 1 1 1 
10677 53.2330429 -27.8126906  0 0 0 0 
10679 53.0444685 -27.8137909  7 1 0 0 
10685 53.0928564 -27.8125109  1 1 1 1 
10702 53.1870039 -27.8126351  3 3 2 2 
10727 53.0451019 -27.8125551  3 3 2 1 
10796 53.1977099 -27.8114089  0 0 0 0 
10831 53.1343057 -27.8126259  9 1 1 0 
10836 53.1140343 -27.8117039  3 2 2 2 
10878 53.0386177 -27.8109223  2 2 1 1 
10916 53.0824532 -27.8108969  0 0 0 0 
10964 53.0679175 -27.8104096  3 3 3 3 
10970 53.1996647 -27.8104444  4 3 2 0 
11006 53.1694184 -27.8103181  2 2 2 1 
11029 53.0727717 -27.8106533  8 2 0 0 
11032 53.1450874 -27.8098508  1 1 1 0 
11055 53.2103179 -27.8105793  0 0 0 0 
11087 53.1563988 -27.8108062  11 0 0 0 
11122 53.0390429 -27.8094861  6 3 0 0 
11123 53.1288041 -27.8089509  1 1 1 1 
11142 53.0927618 -27.8091111  3 0 0 0 
11143 53.2155370 -27.8088305  1 1 1 0 
11144 53.1377301 -27.8085538  0 0 0 0 
11158 53.0735475 -27.8084162  1 1 0 0 
11179 53.0351235 -27.8079912  0 0 0 0 
11239 53.0772413 -27.8094862  6 0 0 0 
11267 53.1375406 -27.8081739  3 3 3 2 
11270 53.0816922 -27.8086004  2 2 1 1 
11349 53.2387243 -27.8066568  0 0 0 0 
11360 53.0227127 -27.8076206  8 3 2 0 
11374 53.1186611 -27.8073774  1 0 0 0 
11388 53.1460503 -27.8064460  0 0 0 0 
11390 53.2217554 -27.8065112  1 1 1 1 
11399 53.0853238 -27.8081031  5 1 0 0 
11403 53.1031721 -27.8067958  1 1 1 1 
11458 53.1821803 -27.8057684  3 3 1 0 
11469 53.0532907 -27.8064040  4 1 0 0 
11516 53.1303285 -27.8056188  2 1 1 1 
11527 53.1155097 -27.8051423  1 1 1 1 
11561 53.1721744 -27.8058753  7 1 1 0 
11585 53.0939057 -27.8048500  2 2 2 2 
11597 53.1496417 -27.8047953  4 4 1 1 
11606 53.2278919 -27.8052214  0 0 0 0 
11618 53.2308826 -27.8057995  0 0 0 0 
11650 53.0942660 -27.8044622  3 3 1 1 
11659 53.1072811 -27.8040705  0 0 0 0 
11677 53.0998342 -27.8041131  2 2 2 1 
11725 53.2119163 -27.8038471  2 2 2 2 
11781 53.0380072 -27.8031346  1 1 1 1 
11834 53.0922936 -27.8031573  0 0 0 0 
11842 53.1641803 -27.8027385  0 0 0 0 
11881 53.1907552 -27.8035791  0 0 0 0 
11891 53.2272835 -27.8033322  6 2 2 1 
11904 53.1200354 -27.8021038  1 1 1 1 
11926 53.2088628 -27.8019060  2 2 2 2 
11941 53.1498455 -27.8033031  1 1 1 1 
11959 53.0309035 -27.8016639  0 0 0 0 
11970 53.2304603 -27.8012302  0 0 0 0 
11979 53.0937892 -27.8013109  0 0 0 0 
12017 53.0938945 -27.8012010  0 0 0 0 
12024 53.0322808 -27.8018531  0 0 0 0 
12081 53.2254738 -27.8003703  0 0 0 0 
12113 53.1225185 -27.8001646  0 0 0 0 
12118 53.2140475 -27.8007983  6 5 2 2 
12145 53.0621303 -27.8000877  2 2 2 2 
12183 53.2327646 -27.7996933  0 0 0 0 
12201 53.1108138 -27.8005844  2 0 0 0 
12207 53.0567089 -27.7998304  1 0 0 0 
12215 53.0573046 -27.7998561  3 2 1 0 
12285 53.2105521 -27.8001870  4 3 1 1 
12336 53.2077210 -27.7993762  0 0 0 0 
12363 53.1202141 -27.7988536  0 0 0 0 
12377 53.0744911 -27.7984268  2 2 2 1 
12442 53.2312199 -27.7980994  1 1 0 0 
12445 53.0634105 -27.7978995  2 2 2 1 
12473 53.1198738 -27.7987381  0 0 0 0 
12474 53.1864122 -27.7981170  0 0 0 0 
12484 53.0522298 -27.7975011  2 2 1 1 
12497 53.1080390 -27.7975408  0 0 0 0 
12508 53.2131555 -27.7988843  5 0 0 0 
12522 53.0343291 -27.7987230  6 3 1 0 
12532 53.0587402 -27.7975518  3 2 1 1 
12537 53.0568179 -27.7982999  0 0 0 0 
12611 53.0341712 -27.7978079  8 5 0 0 
12624 53.1668951 -27.7987375  4 0 0 0 
12632 53.1968578 -27.7963373  3 3 3 2 
12634 53.1802376 -27.7989275  4 0 0 0 
12644 53.1736356 -27.7973659  1 1 1 0 
12683 53.2143124 -27.7963370  0 0 0 0 
12691 53.0700184 -27.7975066  8 0 0 0 
12713 53.0228187 -27.7963595  2 1 1 1 
12743 53.1696872 -27.7970172  1 1 1 1 
12757 53.0667611 -27.7972230  2 2 0 0 
12845 53.1597785 -27.7956782  2 2 1 1 
12848 53.2138965 -27.7952046  0 0 0 0 
12858 53.1516176 -27.7964320  4 2 1 1 
12885 53.1578198 -27.7975075  10 0 0 0 
12886 53.1278442 -27.7947960  2 2 2 2 
12887 53.1761932 -27.7961369  6 3 1 0 
12938 53.1264602 -27.7942919  2 2 1 1 
13047 53.0257728 -27.7937863  1 1 1 1 
13051 53.0665799 -27.7935843  1 1 1 1 
13064 53.2243331 -27.7932934  0 0 0 0 
13086 53.1662118 -27.7939304  5 4 2 0 
13133 53.0544838 -27.7929860  1 1 1 1 
13159 53.1938646 -27.7932936  0 0 0 0 
13162 53.0996852 -27.7942891  6 1 0 0 
13165 53.0904067 -27.7928220  1 1 1 1 
13207 53.1096755 -27.7929279  2 2 2 2 
13257 53.0912768 -27.7921996  3 3 1 1 
13263 53.1780766 -27.7927398  2 2 1 0 
13273 53.1522648 -27.7924954  1 1 0 0 
13308 53.2112074 -27.7922827  3 2 1 1 
13346 53.2306469 -27.7925591  0 0 0 0 
13347 53.1888589 -27.7914171  1 1 1 1 
13381 53.1491490 -27.7929837  0 0 0 0 
13400 53.1675634 -27.7925102  6 1 0 0 
13493 53.0337590 -27.7924226  0 0 0 0 
13505 53.2124523 -27.7905184  1 1 1 1 
13506 53.1368873 -27.7906609  1 1 1 1 
13510 53.1376605 -27.7919551  8 2 0 0 
13522 53.0933101 -27.7904869  2 2 1 1 
13583 53.0485706 -27.7899608  1 1 1 1 
13586 53.1250836 -27.7907759  0 0 0 0 
13601 53.0268113 -27.7913220  3 1 0 0 
13620 53.0906652 -27.7901856  4 4 4 3 
13624 53.2110824 -27.7900303  0 0 0 0 
13653 53.1014513 -27.7902760  2 2 0 0 
13654 53.0881668 -27.7894407  2 2 0 0 
13662 53.0978624 -27.7895752  1 1 1 1 
13674 53.0433766 -27.7896520  0 0 0 0 
13680 53.0211904 -27.7890510  1 1 1 1 
13689 53.1537332 -27.7906069  4 1 0 0 
13743 53.1095973 -27.7895612  5 3 1 0 
13750 53.0434948 -27.7890928  2 2 2 2 
13751 53.0287588 -27.7894815  5 0 0 0 
13787 53.1508326 -27.7906071  2 2 1 0 
13794 53.0661725 -27.7897547  4 2 1 1 
13822 53.1306323 -27.7902511  8 1 0 0 
13849 53.1242079 -27.7887464  2 2 1 1 
13859 53.1450792 -27.7894232  5 3 2 1 
13865 53.0596818 -27.7892221  2 1 1 1 
13928 53.2138582 -27.7874815  0 0 0 0 
13937 53.2019088 -27.7887954  0 0 0 0 
13940 53.2152645 -27.7876026  1 1 0 0 
13942 53.0593042 -27.7892851  2 1 1 0 
13966 53.1095676 -27.7882025  1 1 0 0 
13972 53.2065938 -27.7874511  0 0 0 0 
14040 53.1479843 -27.7876864  2 2 2 2 
14042 53.1492899 -27.7885251  2 1 1 1 
14096 53.0816285 -27.7864639  2 2 2 2 
14099 53.1920677 -27.7871712  6 2 1 1 
14147 53.1069350 -27.7864121  1 1 1 1 
14186 53.0756305 -27.7869017  0 0 0 0 
14190 53.0860447 -27.7880888  8 0 0 0 
14195 53.0735026 -27.7867491  0 0 0 0 
14222 53.1315160 -27.7864282  1 1 0 0 
14263 53.1616646 -27.7874301  3 2 2 1 
14267 53.1609549 -27.7865025  1 1 0 0 
14288 53.1811340 -27.7868914  3 1 1 1 
14341 53.0977018 -27.7858519  1 0 0 0 
14361 53.2203138 -27.7858780  0 0 0 0 
14376 53.0497002 -27.7852068  0 0 0 0 
14447 53.0720176 -27.7856684  5 0 0 0 
14452 53.0877172 -27.7853641  2 0 0 0 
14505 53.0738287 -27.7841516  0 0 0 0 
14520 53.1661766 -27.7875152  11 0 0 0 
14524 53.1297986 -27.7840843  1 1 1 1 
14561 53.2083688 -27.7837736  0 0 0 0 
14602 53.0610872 -27.7840825  3 3 1 1 
14604 53.1019475 -27.7836744  2 1 1 0 
14633 53.2171656 -27.7836147  0 0 0 0 
14637 53.0440796 -27.7850485  6 2 1 1 
14638 53.1765770 -27.7854463  1 0 0 0 
14649 53.2070278 -27.7848468  9 0 0 0 
14672 53.2277043 -27.7830589  1 1 1 1 
14692 53.0413324 -27.7831819  2 2 2 2 
14704 53.0622478 -27.7832656  4 3 1 0 
14707 53.1184200 -27.7833761  2 2 2 2 
14735 53.2341275 -27.7825966  0 0 0 0 
14782 53.2153999 -27.7829322  5 2 1 0 
14787 53.0806368 -27.7836257  5 1 0 0 
14799 53.0899093 -27.7824698  0 0 0 0 
14829 53.1812369 -27.7830897  0 0 0 0 
14839 53.1651630 -27.7858658  2 1 1 0 
14859 53.0220485 -27.7833110  3 1 0 0 
14864 53.0871499 -27.7848507  15 1 0 0 
14867 53.1782248 -27.7830783  2 2 1 0 
14876 53.1187902 -27.7828182  3 3 3 2 
14877 53.1620567 -27.7827151  0 0 0 0 
14878 53.0482722 -27.7831002  1 1 1 1 
14905 53.1337678 -27.7819249  3 3 3 3 
14908 53.2131802 -27.7820278  1 1 1 1 
14919 53.1903619 -27.7819962  4 1 0 0 
14946 53.1623610 -27.7823124  4 3 2 2 
14975 53.1651792 -27.7816176  2 2 2 1 
15013 53.2086829 -27.7812604  3 2 2 1 
15016 53.1736781 -27.7820628  0 0 0 0 
15028 53.0816641 -27.7814133  2 2 2 2 
15029 53.0293400 -27.7817701  2 1 0 0 
15040 53.1603441 -27.7840093  1 1 0 0 
15047 53.0168223 -27.7824652  6 1 0 0 
15058 53.2296350 -27.7805284  0 0 0 0 
15060 53.1340314 -27.7809579  0 0 0 0 
15079 53.1301532 -27.7808609  2 0 0 0 
15122 53.1658928 -27.7815380  3 3 3 2 
15154 53.1281900 -27.7803354  1 1 1 1 
15195 53.0406156 -27.7803320  2 2 2 2 
15211 53.0450276 -27.7798757  2 1 0 0 
15247 53.0474393 -27.7798134  1 1 1 1 
15250 53.0916266 -27.7822065  4 1 0 0 
15251 53.0593176 -27.7798957  3 2 1 1 
15263 53.1288281 -27.7804176  3 2 1 0 
15282 53.1581692 -27.7810947  10 3 1 1 
15293 53.1545185 -27.7797185  4 3 0 0 
15321 53.2108863 -27.7790366  2 2 1 1 
15365 53.1997219 -27.7786816  1 0 0 0 
15369 53.1393090 -27.7806879  4 2 0 0 
15377 53.0222839 -27.7789003  0 0 0 0 
15381 53.1805148 -27.7796660  2 2 2 2 
15389 53.0475338 -27.7805504  1 1 1 1 
15398 53.1726088 -27.7809667  5 2 1 1 
15402 53.0282102 -27.7788137  1 0 0 0 
15430 53.0403404 -27.7784914  2 2 2 2 
15521 53.2247959 -27.7775874  3 3 3 3 
15526 53.0747665 -27.7776806  0 0 0 0 
15549 53.0719051 -27.7778870  2 2 1 1 
15565 53.1492089 -27.7788010  4 3 1 0 
15585 53.1470745 -27.7784260  3 3 2 1 
15618 53.2229026 -27.7770822  4 4 3 1 
15674 53.0220341 -27.7775616  8 1 0 0 
15695 53.0293616 -27.7778683  7 3 0 0 
15703 53.1282746 -27.7770451  2 1 0 0 
15704 53.1729889 -27.7778529  7 3 0 0 
15721 53.0591512 -27.7762380  0 0 0 0 
15760 53.0637322 -27.7766133  0 0 0 0 
15766 53.1833664 -27.7761100  3 2 1 1 
15769 53.1474364 -27.7776061  5 3 3 2 
15775 53.1452377 -27.7779058  3 1 1 1 
15777 53.0542160 -27.7772032  2 1 1 1 
15839 53.0241162 -27.7753409  3 0 0 0 
15876 53.1605939 -27.7761291  1 1 0 0 
15892 53.1832198 -27.7756952  4 4 2 2 
15898 53.1859083 -27.7756049  5 3 0 0 
15901 53.1930974 -27.7755618  0 0 0 0 
15959 53.0414335 -27.7748100  2 1 1 0 
15967 53.0370194 -27.7747338  0 0 0 0 
15968 53.2073455 -27.7747163  1 1 1 1 
15998 53.0644454 -27.7753722  2 1 1 0 
16005 53.0347075 -27.7739155  0 0 0 0 
16011 53.1094771 -27.7759460  1 0 0 0 
16032 53.2063460 -27.7749920  4 3 1 1 
16041 53.0875127 -27.7744569  1 1 1 1 
16048 53.0672058 -27.7743494  1 1 1 1 
16061 53.1519306 -27.7744898  3 2 0 0 
16062 53.1013998 -27.7739962  0 0 0 0 
16065 53.0522028 -27.7747699  0 0 0 0 
16068 53.1600079 -27.7748328  6 2 0 0 
16080 53.0335836 -27.7735131  0 0 0 0 
16082 53.1833402 -27.7737757  1 1 1 1 
16099 53.2079667 -27.7740058  1 1 1 0 
16107 53.0873606 -27.7736957  2 2 2 2 
16121 53.2076800 -27.7740769  2 2 2 2 
16139 53.1211155 -27.7746077  1 1 0 0 
16150 53.1507432 -27.7743444  1 1 1 0 
16160 53.0781377 -27.7742133  4 3 2 0 
16171 53.0457470 -27.7731903  0 0 0 0 
16227 53.1559364 -27.7729199  0 0 0 0 
16232 53.1481218 -27.7737594  4 1 0 0 
16264 53.1520664 -27.7748190  3 1 0 0 
16268 53.0482209 -27.7730417  8 2 1 1 
16280 53.0966979 -27.7723382  4 3 3 3 
16328 53.0745564 -27.7724426  7 7 2 1 
16345 53.0896474 -27.7718509  1 1 1 1 
16375 53.0449466 -27.7743934  2 0 0 0 
16385 53.0781393 -27.7720058  2 2 1 1 
16396 53.0958203 -27.7717019  0 0 0 0 
16402 53.0444453 -27.7725005  1 1 0 0 
16412 53.1760542 -27.7737064  5 1 1 0 
16440 53.0509288 -27.7724089  4 2 0 0 
16455 53.1478537 -27.7740625  7 1 1 1 
16474 53.1025387 -27.7722882  2 2 1 0 
16475 53.0326834 -27.7713226  3 3 3 2 
16514 53.1285201 -27.7727001  1 1 1 0 
16548 53.1461715 -27.7710316  3 1 1 0 
16556 53.1344844 -27.7709413  0 0 0 0 
16558 53.0496621 -27.7709285  0 0 0 0 
16571 53.0814849 -27.7711709  7 4 1 0 
16593 53.1207489 -27.7732129  3 2 1 1 
16600 53.1279787 -27.7714360  8 1 0 0 
16616 53.0199021 -27.7707037  7 2 1 1 
16617 53.1059288 -27.7714124  4 4 1 1 
16621 53.0241462 -27.7695874  0 0 0 0 
16622 53.1315715 -27.7702037  3 2 2 2 
16626 53.0312007 -27.7696878  3 3 1 0 
16643 53.2189221 -27.7694624  0 0 0 0 
16689 53.0714855 -27.7697867  1 1 1 1 
16719 53.1587453 -27.7705246  3 3 3 3 
16732 53.1522834 -27.7700851  1 0 0 0 
16746 53.0419972 -27.7696788  3 0 0 0 
16754 53.0824874 -27.7694467  3 2 2 2 
16761 53.1796872 -27.7687939  4 4 1 1 
16777 53.0953104 -27.7686668  0 0 0 0 
16825 53.1852363 -27.7685119  1 1 0 0 
16854 53.0433691 -27.7680269  0 0 0 0 
16859 53.1552501 -27.7695269  5 3 2 1 
16865 53.1169972 -27.7683486  4 3 3 2 
16897 53.0525330 -27.7680756  1 1 1 1 
16936 53.1082904 -27.7678076  1 1 0 0 
16937 53.0343670 -27.7673672  0 0 0 0 
16940 53.0885845 -27.7673675  3 3 3 3 
16969 53.1004643 -27.7675939  3 3 0 0 
16972 53.0819572 -27.7672022  0 0 0 0 
17003 53.1393800 -27.7673618  8 1 0 0 
17013 53.1044629 -27.7682774  5 0 0 0 
17031 53.1663281 -27.7685840  8 0 0 0 
17058 53.1699250 -27.7710243  0 0 0 0 
17071 53.0290969 -27.7666594  0 0 0 0 
17098 53.1598673 -27.7668402  3 2 0 0 
17118 53.0711751 -27.7659197  0 0 0 0 
17122 53.0473933 -27.7658208  0 0 0 0 
17140 53.1783803 -27.7682272  10 0 0 0 
17154 53.0649662 -27.7657067  2 2 2 2 
17156 53.0495793 -27.7656828  1 0 0 0 
17171 53.0248596 -27.7670719  3 2 1 1 
17185 53.1644492 -27.7658499  3 3 2 2 
17211 53.0983727 -27.7669402  2 1 1 1 
17214 53.1554132 -27.7660705  1 1 1 1 
17225 53.2258974 -27.7650973  0 0 0 0 
17230 53.0186431 -27.7652453  2 1 0 0 
17249 53.0432863 -27.7651190  1 1 0 0 
17251 53.2028247 -27.7649785  3 2 1 0 
17259 53.0266969 -27.7652103  0 0 0 0 
17265 53.0197032 -27.7652673  7 4 2 0 
17269 53.2181197 -27.7657030  8 1 0 0 
17290 53.0624970 -27.7648352  3 3 2 0 
17294 53.2231513 -27.7645292  2 2 1 1 
17316 53.1811952 -27.7656782  10 1 0 0 
17342 53.0152945 -27.7644267  0 0 0 0 
17376 53.0508730 -27.7651052  7 5 1 0 
17382 53.0217869 -27.7637249  0 0 0 0 
17386 53.0964740 -27.7651802  3 1 0 0 
17387 53.0846781 -27.7639879  5 5 2 0 
17397 53.0733461 -27.7643180  3 3 1 0 
17420 53.0343237 -27.7638417  2 2 2 1 
17426 53.0219256 -27.7645642  1 1 0 0 
17453 53.1722275 -27.7650977  5 0 0 0 
17460 53.0855197 -27.7633049  1 1 1 1 
17472 53.1141562 -27.7637733  3 3 3 3 
17482 53.0285200 -27.7639722  3 3 2 2 
17490 53.0832077 -27.7632292  3 3 2 2 
17509 53.1491660 -27.7636341  4 2 1 1 
17510 53.1397075 -27.7631995  1 1 0 0 
17528 53.0926784 -27.7639941  2 1 1 1 
17555 53.0768682 -27.7655215  0 0 0 0 
17579 53.1118342 -27.7625875  3 2 1 1 
17599 53.0358211 -27.7622344  0 0 0 0 
17619 53.0633941 -27.7617334  1 1 1 0 
17652 53.0456113 -27.7623714  1 1 1 1 
17655 53.1191558 -27.7616841  2 2 2 1 
17673 53.1410900 -27.7618482  4 3 2 2 
17697 53.0131596 -27.7620155  8 2 0 0 
17713 53.2180092 -27.7616204  1 0 0 0 
17714 53.1597107 -27.7622827  4 1 0 0 
17757 53.0311766 -27.7606726  2 2 1 1 
17801 53.0109219 -27.7605108  2 0 0 0 
17824 53.1722644 -27.7606224  3 3 3 3 
17827 53.2093192 -27.7608162  5 1 1 0 
17843 53.0539140 -27.7607333  5 1 0 0 
17851 53.1683700 -27.7605877  3 1 0 0 
17874 53.2268717 -27.7602223  0 0 0 0 
17888 53.1363006 -27.7631827  2 0 0 0 
17906 53.1273018 -27.7590821  2 2 2 2 
17918 53.0547110 -27.7597582  7 3 1 0 
17929 53.1576994 -27.7593371  1 1 1 0 
17933 53.0453270 -27.7593020  2 0 0 0 
17949 53.0646531 -27.7600607  1 0 0 0 
17970 53.0799603 -27.7589392  0 0 0 0 
17973 53.1914751 -27.7585220  2 2 2 2 
17996 53.0950738 -27.7583865  0 0 0 0 
17997 53.1252728 -27.7595030  5 4 1 0 
18051 53.1966559 -27.7578552  1 1 1 1 
18055 53.0724463 -27.7580844  3 2 1 1 
18068 53.0949538 -27.7578330  0 0 0 0 
18073 53.1924972 -27.7580939  6 3 1 1 
18075 53.0407199 -27.7581567  1 1 1 1 
18076 53.1052306 -27.7580677  2 0 0 0 
18095 53.0373760 -27.7573291  1 1 1 0 
18123 53.2115048 -27.7577733  4 4 2 2 
18132 53.0729141 -27.7578494  1 1 1 1 
18186 53.1251625 -27.7573622  0 0 0 0 
18190 53.1835521 -27.7567423  3 3 1 0 
18199 53.2080741 -27.7564528  2 2 2 2 
18200 53.0133824 -27.7580071  6 2 2 2 
18240 53.1204249 -27.7570233  5 4 1 0 
18261 53.1148607 -27.7560585  1 1 1 1 
18282 53.0278564 -27.7566422  3 2 0 0 
18315 53.1410072 -27.7557081  1 1 1 1 
18321 53.0575931 -27.7571106  5 1 0 0 
18326 53.2046289 -27.7567293  8 0 0 0 
18330 53.1647593 -27.7559671  3 3 1 1 
18357 53.1213290 -27.7558717  1 1 1 0 
18360 53.2293022 -27.7551987  3 2 1 0 
18367 53.1052502 -27.7566546  3 1 1 1 
18393 53.1028009 -27.7560470  5 2 0 0 
18401 53.1788411 -27.7546980  0 0 0 0 
18402 53.1410078 -27.7550484  0 0 0 0 
18405 53.1912496 -27.7547762  4 4 3 3 
18406 53.2021641 -27.7549194  0 0 0 0 
18419 53.1264418 -27.7565439  8 0 0 0 
18425 53.1252463 -27.7565430  1 1 0 0 
18443 53.1290710 -27.7545415  2 1 1 0 
18456 53.2051544 -27.7541727  0 0 0 0 
18457 53.0713150 -27.7548583  4 3 3 2 
18471 53.1215072 -27.7541107  3 3 3 3 
18485 53.1127887 -27.7538868  1 1 1 1 
18486 53.1941054 -27.7545128  0 0 0 0 
18489 53.0654148 -27.7542523  3 3 2 1 
18493 53.2218942 -27.7541053  0 0 0 0 
18511 53.0573383 -27.7537588  2 2 1 1 
18537 53.1906269 -27.7543677  4 2 1 1 
18572 53.0708196 -27.7532530  0 0 0 0 
18603 53.1273705 -27.7550727  0 0 0 0 
18619 53.1234596 -27.7531446  0 0 0 0 
18626 53.2179440 -27.7539491  0 0 0 0 
18638 53.1218283 -27.7527017  0 0 0 0 
18672 53.0512532 -27.7536302  5 1 0 0 
18681 53.0584980 -27.7524922  0 0 0 0 
18712 53.1243975 -27.7557257  3 1 0 0 
18727 53.0665371 -27.7521664  1 1 1 1 
18742 53.2276452 -27.7517917  0 0 0 0 
18765 53.2054599 -27.7515847  0 0 0 0 
18783 53.2282587 -27.7511232  1 1 1 1 
18801 53.2287784 -27.7516476  0 0 0 0 
18804 53.0639811 -27.7519230  4 4 1 1 
18811 53.0385431 -27.7514153  0 0 0 0 
18832 53.0362034 -27.7522278  1 0 0 0 
18844 53.1237749 -27.7520122  4 2 2 2 
18845 53.1000953 -27.7511233  0 0 0 0 
18884 53.1707464 -27.7511459  2 2 2 2 
18925 53.1742235 -27.7503397  0 0 0 0 
18959 53.2023494 -27.7512794  0 0 0 0 
18974 53.0641063 -27.7504381  0 0 0 0 
18996 53.1100207 -27.7497101  0 0 0 0 
19007 53.0333438 -27.7498396  2 2 2 2 
19024 53.0127198 -27.7495200  3 3 3 3 
19051 53.0780445 -27.7496847  4 3 2 1 
19057 53.1454409 -27.7505315  2 2 1 0 
19079 53.1310974 -27.7492954  0 0 0 0 
19090 53.2162023 -27.7499378  3 0 0 0 
19110 53.0631063 -27.7497677  1 1 0 0 
19133 53.1219640 -27.7488136  2 2 2 2 
19136 53.1754135 -27.7495381  6 0 0 0 
19139 53.0479737 -27.7492449  0 0 0 0 
19155 53.1144047 -27.7492255  1 1 1 0 
19158 53.1938936 -27.7488334  2 2 0 0 
19166 53.0601890 -27.7490527  0 0 0 0 
19181 53.1105937 -27.7483843  2 2 2 2 
19185 53.1264844 -27.7503101  4 1 1 0 
19186 53.1391459 -27.7488353  5 3 0 0 
19192 53.0840223 -27.7482365  0 0 0 0 
19193 53.0534743 -27.7488109  7 2 0 0 
19202 53.1970488 -27.7481253  0 0 0 0 
19214 53.0582535 -27.7484808  3 1 1 0 
19245 53.0598336 -27.7488310  0 0 0 0 
19279 53.2062286 -27.7479000  1 1 1 1 
19282 53.1109292 -27.7472318  0 0 0 0 
19291 53.0459824 -27.7488719  6 1 0 0 
19300 53.1178794 -27.7473863  0 0 0 0 
19329 53.1983336 -27.7478003  1 1 1 1 
19378 53.2103614 -27.7464533  1 1 1 1 
19385 53.1800439 -27.7491669  7 0 0 0 
19400 53.0687206 -27.7469545  4 3 2 1 
19413 53.2014646 -27.7470981  5 1 0 0 
19416 53.0729903 -27.7462388  4 4 3 3 
19426 53.2086106 -27.7467056  2 2 0 0 
19443 53.0863255 -27.7482609  11 1 0 0 
19452 53.0458390 -27.7498313  6 3 2 1 
19458 53.0831767 -27.7471722  5 2 0 0 
19476 53.0835369 -27.7464307  0 0 0 0 
19487 53.0079262 -27.7452264  1 1 1 1 
19496 53.0782375 -27.7456311  3 2 1 1 
19498 53.1884485 -27.7451933  0 0 0 0 
19504 53.1329149 -27.7458092  3 2 1 1 
19520 53.2056534 -27.7449579  5 5 4 2 
19525 53.0884740 -27.7452573  1 1 0 0 
19533 53.1622462 -27.7461303  6 1 1 1 
19541 53.2123339 -27.7443555  0 0 0 0 
19549 53.0488214 -27.7456137  2 0 0 0 
19552 53.0052059 -27.7446739  4 4 4 3 
19629 53.0170862 -27.7440244  0 0 0 0 
19638 53.0695734 -27.7444307  1 1 1 1 
19644 53.2046136 -27.7440233  0 0 0 0 
19686 53.0888304 -27.7434348  0 0 0 0 
19704 53.0519710 -27.7438746  0 0 0 0 
19715 53.0736486 -27.7441562  3 2 1 0 
19772 53.0658627 -27.7429216  2 2 0 0 
19777 53.0582689 -27.7426227  2 2 2 2 
19787 53.0452716 -27.7440911  7 0 0 0 
19791 53.1607220 -27.7428215  4 1 1 1 
19808 53.1489210 -27.7422973  0 0 0 0 
19829 53.0646845 -27.7424549  3 1 0 0 
19833 53.0652325 -27.7428980  2 1 1 1 
19836 53.2021155 -27.7423099  4 4 2 2 
19895 53.1620837 -27.7413974  1 1 1 1 
19914 53.0748253 -27.7420653  6 2 0 0 
19933 53.1200559 -27.7418036  0 0 0 0 
19935 53.1508209 -27.7418206  8 1 1 0 
19953 53.2071141 -27.7409246  1 1 1 1 
19956 53.1598392 -27.7410746  2 2 2 2 
19959 53.1073446 -27.7419110  3 3 3 3 
19962 53.0225005 -27.7414564  1 1 1 0 
19980 53.1030972 -27.7414874  2 1 1 1 
20009 53.0086062 -27.7410174  4 3 2 2 
20033 53.0658670 -27.7408067  2 2 2 2 
20061 53.1725402 -27.7399467  0 0 0 0 
20064 53.0502847 -27.7401631  1 1 1 1 
20067 53.1587796 -27.7423855  4 1 0 0 
20123 53.1025051 -27.7411388  2 1 1 1 
20164 53.1718227 -27.7390219  0 0 0 0 
20168 53.1501259 -27.7399256  7 3 0 0 
20172 53.0885034 -27.7418061  0 0 0 0 
20191 53.0029175 -27.7384480  4 4 4 4 
20192 53.0991316 -27.7392105  0 0 0 0 
20217 53.0169229 -27.7386634  1 1 1 1 
20219 53.0941069 -27.7405097  6 0 0 0 
20227 53.1902593 -27.7400383  3 2 0 0 
20237 53.0837929 -27.7395698  6 2 0 0 
20261 53.1416199 -27.7385947  6 4 0 0 
20283 53.0665934 -27.7397103  0 0 0 0 
20343 53.0424586 -27.7378622  1 1 1 0 
20413 53.0147836 -27.7386616  3 3 2 2 
20447 53.0454776 -27.7374923  0 0 0 0 
20490 53.1668261 -27.7385107  0 0 0 0 
20495 53.0494250 -27.7370497  6 1 0 0 
20510 53.1626255 -27.7390151  1 0 0 0 
20537 53.2078070 -27.7361645  2 1 1 1 
20540 53.1000724 -27.7356157  2 2 2 2 
20568 53.0988163 -27.7365907  6 1 0 0 
20585 53.1462602 -27.7362768  4 3 0 0 
20586 53.0791762 -27.7366220  1 0 0 0 
20606 53.2083042 -27.7352721  4 3 1 0 
20627 53.1820175 -27.7357473  5 2 0 0 
20636 53.1954911 -27.7352288  1 1 1 1 
20639 53.1558513 -27.7352731  4 4 2 2 
20664 53.0990267 -27.7344058  0 0 0 0 
20695 53.0110388 -27.7344147  1 1 1 1 
20723 53.1135957 -27.7352684  2 0 0 0 
20773 53.0318614 -27.7341143  3 3 0 0 
20780 53.0225503 -27.7337929  0 0 0 0 
20787 53.0779244 -27.7368629  3 3 1 0 
20825 53.1941430 -27.7333014  2 2 1 0 
20831 53.0344919 -27.7334466  3 2 2 2 
20833 53.1125773 -27.7353153  5 0 0 0 
20834 53.1882684 -27.7337201  3 2 0 0 
20859 53.1529705 -27.7351138  0 0 0 0 
20860 53.0425759 -27.7330189  1 1 1 1 
20872 53.0008741 -27.7328887  0 0 0 0 
20897 53.0210883 -27.7332932  0 0 0 0 
20899 53.1755886 -27.7327220  2 2 2 1 
20901 53.1901612 -27.7349448  8 0 0 0 
20905 53.1862944 -27.7336404  3 2 1 1 
20972 53.0191523 -27.7326684  1 1 1 1 
20981 53.1337935 -27.7320318  0 0 0 0 
21007 53.1326240 -27.7322948  1 1 1 1 
21022 53.2016599 -27.7318767  1 1 0 0 
21038 53.2078250 -27.7318841  4 1 1 1 
21050 53.1438507 -27.7312184  0 0 0 0 
21083 53.1074612 -27.7311911  2 1 1 1 
21093 53.0602208 -27.7307484  0 0 0 0 
21103 53.0780132 -27.7310260  2 2 1 1 
21133 53.0298436 -27.7322170  8 0 0 0 
21153 53.0793523 -27.7313892  9 3 0 0 
21167 53.1777335 -27.7301060  0 0 0 0 
21168 53.0034070 -27.7317025  1 1 1 1 
21199 53.0205246 -27.7297630  5 5 3 2 
21282 53.0445768 -27.7297059  4 3 1 0 
21307 53.1312918 -27.7285468  1 1 1 1 
21315 53.0140906 -27.7283575  2 2 2 2 
21317 53.0851123 -27.7289958  3 2 2 2 
21321 53.1618229 -27.7291456  3 2 2 0 
21331 53.0467149 -27.7286995  1 0 0 0 
21354 53.0337590 -27.7289431  1 0 0 0 
21355 53.1773276 -27.7282356  1 1 1 1 
21357 53.0442858 -27.7282001  1 1 1 1 
21401 53.1953542 -27.7288386  1 1 1 1 
21437 53.0713081 -27.7283534  2 1 1 1 
21439 53.0120678 -27.7276191  0 0 0 0 
21445 53.1073295 -27.7297283  0 0 0 0 
21464 53.1959339 -27.7295803  5 0 0 0 
21483 53.0182734 -27.7272288  1 1 1 1 
21487 53.1250434 -27.7272490  0 0 0 0 
21496 53.1993542 -27.7278563  7 0 0 0 
21497 53.2131539 -27.7267951  0 0 0 0 
21511 53.0644590 -27.7271526  0 0 0 0 
21536 53.1431016 -27.7305833  0 0 0 0 
21566 53.0443042 -27.7266731  0 0 0 0 
21568 53.0729921 -27.7268059  1 1 1 1 
21579 53.1415389 -27.7268761  3 0 0 0 
21587 53.1250229 -27.7267968  0 0 0 0 
21612 53.1846008 -27.7265860  4 1 0 0 
21622 53.0108822 -27.7260964  0 0 0 0 
21627 53.0454562 -27.7286270  8 0 0 0 
21640 53.0032774 -27.7263112  1 1 1 1 
21648 53.0917609 -27.7260136  0 0 0 0 
21656 53.0876333 -27.7261267  1 1 1 1 
21662 53.0588522 -27.7263293  0 0 0 0 
21664 53.0287594 -27.7268833  3 2 0 0 
21679 53.1809017 -27.7262834  1 1 1 1 
21688 53.0166057 -27.7270740  1 1 1 1 
21695 53.1251004 -27.7298059  0 0 0 0 
21699 53.1957627 -27.7262381  7 3 0 0 
21708 53.0393892 -27.7266331  3 1 1 0 
21737 53.1255901 -27.7265113  5 0 0 0 
21786 53.0182278 -27.7253215  1 1 1 1 
21805 53.0125410 -27.7247035  0 0 0 0 
21826 53.0633982 -27.7250087  1 1 1 0 
21831 53.1210062 -27.7246980  1 1 1 0 
21852 53.1888382 -27.7255810  5 2 1 0 
21872 53.1682488 -27.7273002  1 0 0 0 
21888 53.0456369 -27.7249275  1 0 0 0 
21922 53.1745158 -27.7253593  3 1 1 0 
21923 53.1926705 -27.7239803  2 2 1 1 
21934 53.0240029 -27.7238803  3 3 2 0 
21972 53.1279974 -27.7232907  4 4 1 0 
22005 53.1680831 -27.7235129  3 3 1 1 
22048 53.1922718 -27.7232176  4 4 4 3 
22059 53.1309397 -27.7233678  1 1 0 0 
22062 53.1304727 -27.7231034  3 3 2 2 
22081 53.1769866 -27.7226475  0 0 0 0 
22097 53.1267373 -27.7224432  0 0 0 0 
22120 53.0779994 -27.7219823  1 1 1 1 
22127 53.1459195 -27.7225610  6 2 2 0 
22146 53.0566503 -27.7217149  1 1 1 1 
22154 52.9990656 -27.7219227  0 0 0 0 
22164 53.0859437 -27.7217465  2 2 2 2 
22200 53.0542486 -27.7216487  0 0 0 0 
22218 53.0602943 -27.7211615  3 3 2 2 
22219 53.1595581 -27.7216940  3 0 0 0 
22238 53.0776259 -27.7214916  4 2 1 1 
22276 53.0806431 -27.7208082  1 1 1 1 
22334 53.1645288 -27.7206038  0 0 0 0 
22350 53.1826205 -27.7201879  0 0 0 0 
22351 53.0793831 -27.7208724  2 2 1 1 
22354 53.0569109 -27.7203010  1 0 0 0 
22360 53.0877696 -27.7199473  0 0 0 0 
22371 53.1252868 -27.7219404  6 0 0 0 
22394 53.0598995 -27.7195504  0 0 0 0 
22420 53.0975193 -27.7212710  6 0 0 0 
22490 53.0480181 -27.7197415  3 3 2 0 
22492 53.0348650 -27.7194655  8 1 0 0 
22507 52.9994792 -27.7188102  2 2 1 1 
22508 53.0487516 -27.7184451  2 2 2 2 
22511 53.1281321 -27.7185754  0 0 0 0 
22548 53.0135752 -27.7201818  1 0 0 0 
22554 53.1239391 -27.7185039  0 0 0 0 
22555 53.1425646 -27.7191285  2 1 0 0 
22593 53.1693077 -27.7189950  4 2 0 0 
22613 53.1160348 -27.7182855  0 0 0 0 
22641 53.1540805 -27.7178695  0 0 0 0 
22654 53.0823331 -27.7191018  1 1 1 0 
22697 53.0511891 -27.7172155  0 0 0 0 
22720 53.1782172 -27.7175410  5 3 2 1 
22730 53.0029317 -27.7168001  0 0 0 0 
22734 53.1204458 -27.7177000  4 0 0 0 
22737 53.0723624 -27.7186745  10 0 0 0 
22747 53.0337465 -27.7165691  0 0 0 0 
22750 53.1963447 -27.7170460  2 2 2 1 
22752 53.0190948 -27.7168619  2 2 2 2 
22790 53.0361783 -27.7166880  2 0 0 0 
22791 53.1218523 -27.7163892  2 2 2 2 
22816 53.1150581 -27.7165351  0 0 0 0 
22818 53.2068979 -27.7158304  1 1 1 1 
22828 53.0978029 -27.7160624  2 2 1 0 
22833 53.1808027 -27.7164312  0 0 0 0 
22834 53.0822031 -27.7181898  4 2 0 0 
22848 53.1905472 -27.7036262  0 0 0 0 
22851 53.0715544 -27.7007234  0 0 0 0 
22852 53.1753092 -27.6947705  0 0 0 0 
22855 53.1493419 -27.6831892  0 0 0 0 
22857 53.0785988 -27.7074277  5 1 0 0 
22878 53.1536826 -27.7071838  0 0 0 0 
22883 53.1421625 -27.7074285  1 1 1 0 
22908 53.1014834 -27.7067980  0 0 0 0 
22913 53.0892620 -27.7086568  5 1 1 0 
22915 53.0208177 -27.7066669  1 1 0 0 
22927 53.1891149 -27.7069695  0 0 0 0 
22956 53.0960616 -27.7072955  6 2 1 0 
22959 53.0062778 -27.7082364  0 0 0 0 
22971 53.0586474 -27.7083937  4 3 1 1 
22975 53.0436596 -27.7069382  3 3 3 2 
22991 53.1750380 -27.7076688  2 2 2 2 
23032 53.0497529 -27.7087111  3 3 1 0 
23044 53.1433837 -27.7089438  1 1 1 1 
23048 53.0236528 -27.7088282  2 1 0 0 
23053 53.1193382 -27.7093306  7 0 0 0 
23076 53.0717645 -27.7084312  0 0 0 0 
23090 53.0860566 -27.7095666  1 1 0 0 
23095 53.1604153 -27.7077479  5 1 1 1 
23101 53.0099119 -27.7089740  3 3 2 1 
23141 53.0772100 -27.7096148  1 1 1 0 
23161 53.1165125 -27.7102512  4 1 0 0 
23179 53.1305455 -27.7095715  1 1 1 1 
23189 53.0332540 -27.7109658  0 0 0 0 
23206 52.9992786 -27.7113819  4 4 4 3 
23207 53.1350834 -27.6972511  4 3 2 1 
23217 53.1496036 -27.7113740  0 0 0 0 
23225 53.1205789 -27.7108422  3 3 3 1 
23248 53.1412437 -27.7105431  8 8 2 1 
23270 53.1421483 -27.7112427  1 1 1 1 
23275 53.0399394 -27.7109601  0 0 0 0 
23303 53.1198679 -27.7104942  1 0 0 0 
23310 53.1459322 -27.7105156  1 1 1 1 
23312 53.1121808 -27.7110372  6 3 2 2 
23326 53.1770493 -27.7112630  1 1 1 0 
23350 53.1835041 -27.7122363  2 2 0 0 
23351 53.0788721 -27.7117372  0 0 0 0 
23360 53.0339688 -27.7117601  1 1 1 1 
23365 53.1008194 -27.7117559  0 0 0 0 
23375 53.1173939 -27.7107870  5 3 1 1 
23381 53.0311586 -27.7100310  3 3 0 0 
23394 53.0054621 -27.7121824  1 1 1 1 
23397 53.1235163 -27.7118262  1 1 1 1 
23401 53.0922960 -27.7121618  1 0 0 0 
23420 53.0551248 -27.7113783  1 0 0 0 
23449 53.1263786 -27.7112469  7 0 0 0 
23453 53.0831310 -27.7119835  0 0 0 0 
23456 53.1336401 -27.7019520  8 0 0 0 
23460 53.1013861 -27.7117246  0 0 0 0 
23461 53.1849884 -27.7126210  0 0 0 0 
23465 53.0340474 -27.7112434  3 1 0 0 
23466 53.1628650 -27.7122924  10 2 0 0 
23482 53.0146121 -27.7125391  2 2 2 1 
23491 53.1073835 -27.7132502  0 0 0 0 
23501 53.1684965 -27.7111637  3 0 0 0 
23502 53.1511860 -27.7137341  3 2 2 2 
23505 53.0221889 -27.7126591  1 1 1 1 
23527 53.0783361 -27.7133729  4 1 0 0 
23534 53.1708788 -27.7140697  1 1 1 1 
23568 53.0980823 -27.7137060  1 1 1 1 
23586 53.0508432 -27.7137112  2 2 2 2 
23589 53.1970514 -27.7134198  0 0 0 0 
23592 53.0093181 -27.7134734  0 0 0 0 
23608 53.1889482 -27.7137069  2 2 1 1 
23620 53.1691681 -27.7136620  4 4 1 1 
23628 53.1290178 -27.7134272  2 2 2 1 
23631 53.1037246 -27.7140914  1 1 1 1 
23633 53.0204778 -27.7117505  4 1 1 1 
23638 53.1253641 -27.7119163  2 2 2 1 
23685 52.9963142 -27.7142162  2 1 0 0 
23706 53.0523088 -27.7146673  0 0 0 0 
23708 53.1560767 -27.6666923  1 0 0 0 
23714 53.0104115 -27.7140792  2 1 1 1 
23728 53.0830952 -27.7137825  1 1 1 1 
23765 53.1773239 -27.7149826  0 0 0 0 
23771 53.1209153 -27.7153944  3 2 2 2 
23781 53.2078268 -27.7154053  0 0 0 0 
23803 53.1507175 -27.7161939  6 2 1 0 
23818 53.1803767 -27.7149870  1 1 1 0 
23840 53.0734178 -27.7159533  2 1 1 1 
23844 53.1716526 -27.6614142  3 3 3 2 
23855 53.0565168 -27.7156846  1 1 1 1 
23856 53.0236446 -27.7148822  3 1 1 0 
23862 53.1889041 -27.7145566  0 0 0 0 
23867 53.1162891 -27.7142078  4 0 0 0 
23872 53.1761945 -27.6600367  0 0 0 0 
23888 53.1231701 -27.7155784  4 3 3 1 
23896 53.1008142 -27.7159859  0 0 0 0 
23931 53.1809238 -27.6621217  0 0 0 0 
23934 53.1506913 -27.6654522  9 1 1 0 
23941 53.0572641 -27.7152998  1 0 0 0 
23952 53.0389149 -27.7152621  1 1 0 0 
23956 53.1971358 -27.7131913  3 2 2 2 
23957 53.1021732 -27.7148832  1 1 0 0 
23973 53.0961050 -27.7163078  1 1 1 1 
23985 53.1689565 -27.6660005  3 2 2 2 
23998 53.1568740 -27.6627033  2 1 1 1 
24008 53.1495529 -27.6757312  1 1 1 1 
24024 53.1780841 -27.6602020  2 2 2 2 
24042 53.1126018 -27.7156532  5 2 1 0 
24049 53.1664216 -27.6610754  0 0 0 0 
24051 53.1800271 -27.6605075  0 0 0 0 
24052 53.1782438 -27.6688794  0 0 0 0 
24053 53.0219348 -27.7162327  2 2 1 1 
24068 53.1710734 -27.6596971  0 0 0 0 
24098 53.1119958 -27.6745443  0 0 0 0 
24104 53.1747447 -27.6588570  0 0 0 0 
24117 53.1592666 -27.6621257  0 0 0 0 
24133 53.1191775 -27.6729982  1 1 1 1 
24137 53.1675186 -27.6672194  1 1 1 1 
24146 53.1302161 -27.6699322  1 1 1 0 
24185 53.1076292 -27.6798968  7 0 0 0 
24189 53.1115448 -27.6729841  3 2 1 0 
24216 53.1385061 -27.6717834  1 1 1 1 
24239 53.1629303 -27.7184934  7 0 0 0 
24257 53.1375712 -27.6713156  3 3 3 3 
24263 53.1271138 -27.6751323  6 1 0 0 
24269 53.1243903 -27.6751489  2 2 2 1 
24270 53.1631961 -27.6740413  1 0 0 0 
24280 53.1015604 -27.6769226  0 0 0 0 
24285 53.1333755 -27.6722485  1 1 1 1 
24296 53.1026675 -27.6752936  3 3 1 0 
24297 53.0129156 -27.7181020  9 0 0 0 
24298 53.1353698 -27.6773115  0 0 0 0 
24313 53.1098160 -27.6757338  1 0 0 0 
24316 53.1150359 -27.6738440  7 2 0 0 
24351 53.1636264 -27.6655092  8 2 0 0 
24363 53.1666176 -27.6784909  3 3 3 3 
24372 53.1258832 -27.6791146  0 0 0 0 
24381 53.1838428 -27.6766569  1 1 1 1 
24389 53.1442397 -27.6720686  1 1 1 1 
24422 53.1474978 -27.6673314  3 0 0 0 
24443 53.1300879 -27.6811510  4 4 2 0 
24481 53.1463024 -27.6792709  1 1 0 0 
24505 53.1457707 -27.6798795  0 0 0 0 
24548 53.1136172 -27.6793688  1 1 1 1 
24561 53.1385050 -27.6818159  5 3 1 1 
24604 53.1700572 -27.6839746  0 0 0 0 
24618 53.1002715 -27.6817621  2 2 2 0 
24637 53.0777211 -27.6838778  0 0 0 0 
24644 53.1001806 -27.6795056  3 3 2 2 
24649 53.1326378 -27.6815168  1 1 1 1 
24681 53.1384521 -27.6806514  5 5 2 2 
24682 53.1040952 -27.6837572  1 0 0 0 
24710 53.1744899 -27.6833092  0 0 0 0 
24724 53.1264011 -27.6849386  2 1 1 0 
24738 53.1288709 -27.6828806  5 3 1 1 
24740 53.1448239 -27.6824727  0 0 0 0 
24741 53.1358002 -27.6819795  1 1 1 1 
24751 53.1518424 -27.6806162  2 2 2 2 
24757 53.1221663 -27.6816800  3 3 3 3 
24779 53.1293414 -27.6806021  5 0 0 0 
24785 53.1376403 -27.6800272  5 5 4 3 
24787 53.0856990 -27.6822730  0 0 0 0 
24826 53.1797879 -27.6836299  1 1 1 1 
24837 53.1898716 -27.6850580  0 0 0 0 
24843 53.1318594 -27.6873006  1 0 0 0 
24855 53.0837050 -27.6852077  1 0 0 0 
24857 53.1531446 -27.6861313  4 2 1 1 
24904 53.1362955 -27.6830726  5 2 1 1 
24911 53.1497750 -27.6854757  5 2 2 0 
24952 53.0650796 -27.6865548  3 3 3 3 
24964 53.1186704 -27.6832439  1 1 1 1 
24983 53.1433690 -27.6852247  0 0 0 0 
24987 53.1352605 -27.6823767  3 2 0 0 
25003 53.1344811 -27.6875834  0 0 0 0 
25025 53.0827618 -27.6861444  3 1 1 1 
25028 53.1333057 -27.6888233  1 1 0 0 
25031 53.1311692 -27.6883685  12 0 0 0 
25041 53.1147768 -27.6844829  1 1 1 1 
25049 53.1583110 -27.6808641  1 1 1 1 
25051 53.1852903 -27.6878486  0 0 0 0 
25058 53.0613368 -27.6880114  0 0 0 0 
25064 53.0583223 -27.6878183  3 3 3 2 
25075 53.0702106 -27.6895571  3 3 1 1 
25089 53.1510201 -27.6894115  0 0 0 0 
25090 53.0988664 -27.6865518  0 0 0 0 
25103 53.1132374 -27.6809761  1 1 1 1 
25118 53.1424422 -27.6898222  2 1 0 0 
25121 53.0863148 -27.6894585  2 0 0 0 
25127 53.0762026 -27.6900783  0 0 0 0 
25133 53.1613451 -27.6888377  0 0 0 0 
25135 53.1871780 -27.6836014  0 0 0 0 
25136 53.1030023 -27.6890037  0 0 0 0 
25137 53.1336452 -27.6887479  5 0 0 0 
25144 53.1315557 -27.6893572  7 2 1 0 
25159 53.0673249 -27.6887264  1 1 1 1 
25186 53.1853893 -27.6891338  0 0 0 0 
25239 53.1453579 -27.6902429  1 1 1 1 
25273 53.1010727 -27.6906739  3 0 0 0 
25283 53.0581339 -27.6905424  1 1 1 1 
25292 53.1125608 -27.6911129  0 0 0 0 
25295 53.1370748 -27.6899682  3 1 0 0 
25308 53.0792916 -27.6913690  3 2 2 2 
25319 53.1850428 -27.6915077  0 0 0 0 
25320 53.0858937 -27.6914889  0 0 0 0 
25340 53.0607531 -27.6895266  0 0 0 0 
25353 53.0946292 -27.6906586  1 1 1 1 
25354 53.1121372 -27.6911708  1 1 1 1 
25355 53.1124497 -27.6926280  2 0 0 0 
25387 53.0728235 -27.6933510  0 0 0 0 
25406 53.1121991 -27.6840960  0 0 0 0 
25425 53.1909122 -27.6924027  1 1 0 0 
25438 53.1844398 -27.6924639  0 0 0 0 
25463 53.1648324 -27.6941154  2 1 1 1 
25464 53.1626799 -27.6923363  3 3 3 1 
25478 53.1116440 -27.6915545  2 1 1 1 
25508 53.1550131 -27.6942524  4 4 1 0 
25526 53.1037814 -27.6929767  2 2 2 0 
25535 53.1585655 -27.6949696  3 0 0 0 
25552 53.0570771 -27.6950029  0 0 0 0 
25573 53.1391883 -27.6941448  1 1 0 0 
25586 53.1812096 -27.6953045  3 2 1 0 
25598 53.1896084 -27.6952792  1 1 1 1 
25601 53.0523813 -27.6937216  2 1 1 1 
25602 53.0740681 -27.6945729  3 1 1 1 
25618 53.0940742 -27.6947729  0 0 0 0 
25635 53.0408847 -27.6968594  3 3 3 3 
25650 53.1273514 -27.6960262  1 0 0 0 
25652 53.1168522 -27.6915649  0 0 0 0 
25659 53.0307782 -27.6949551  1 1 1 1 
25664 53.0816113 -27.6944063  0 0 0 0 
25667 53.1384171 -27.6949172  1 1 1 1 
25688 53.1760086 -27.6954619  0 0 0 0 
25715 53.0946848 -27.6946506  4 2 1 1 
25716 53.1065578 -27.6955750  1 1 1 1 
25728 53.1389647 -27.6951071  0 0 0 0 
25732 53.1915645 -27.6978913  0 0 0 0 
25734 53.1115207 -27.6959871  4 3 1 0 
25758 53.1829295 -27.6969356  0 0 0 0 
25771 53.1152189 -27.7018151  2 1 1 1 
25793 53.1182653 -27.6972025  1 1 1 1 
25794 53.1215351 -27.6947265  0 0 0 0 
25808 53.0560946 -27.6971809  8 1 0 0 
25810 53.0953198 -27.6902696  4 2 0 0 
25833 53.0480929 -27.6963162  4 1 1 0 
25835 53.1083331 -27.6973972  3 3 2 1 
25861 53.0844635 -27.6957242  5 3 0 0 
25871 53.1081381 -27.6963066  3 3 3 3 
25873 53.1336590 -27.6986513  6 1 1 0 
25878 53.0789366 -27.6977335  5 4 2 1 
25884 53.1721412 -27.6968042  4 4 2 0 
25886 53.1853884 -27.6972905  0 0 0 0 
25888 53.1143011 -27.6984598  2 2 2 2 
25896 53.0589218 -27.6978196  2 0 0 0 
25914 53.1355251 -27.6967558  0 0 0 0 
25921 53.1913208 -27.6972621  0 0 0 0 
25928 53.1736928 -27.6980881  4 3 1 0 
25945 53.0765270 -27.6966653  1 1 1 1 
25953 53.0448242 -27.6926725  2 2 2 1 
25961 53.0972371 -27.6986251  5 1 0 0 
25963 53.1515480 -27.6976131  2 2 1 0 
25973 53.1086616 -27.6940249  1 1 0 0 
26027 53.1603180 -27.6984973  0 0 0 0 
26037 53.1975885 -27.7056221  0 0 0 0 
26067 53.0113181 -27.7005181  5 0 0 0 
26068 53.0549982 -27.6994581  7 4 1 1 
26074 53.1087095 -27.7000536  2 2 2 1 
26091 53.1794716 -27.6993752  2 2 2 0 
26092 53.0533678 -27.7004537  7 1 0 0 
26113 53.0630021 -27.6984525  0 0 0 0 
26124 53.0727520 -27.6980232  0 0 0 0 
26130 53.1387647 -27.7004646  0 0 0 0 
26164 53.0109555 -27.7006689  0 0 0 0 
26177 53.1136681 -27.7014458  5 2 2 2 
26189 53.1097137 -27.6994762  8 3 0 0 
26195 53.1295809 -27.7014201  2 2 2 1 
26238 53.0156706 -27.7017006  3 2 1 0 
26246 53.1304264 -27.7016207  9 0 0 0 
26255 53.1442063 -27.7003374  3 2 1 1 
26275 53.1268393 -27.7012668  2 2 2 2 
26317 53.1234547 -27.7014680  1 1 0 0 
26327 53.0621775 -27.7060954  0 0 0 0 
26330 53.1569987 -27.7018390  0 0 0 0 
26335 53.0657407 -27.7021684  3 2 1 1 
26345 53.0335053 -27.7012191  6 0 0 0 
26355 53.0344840 -27.7032739  7 5 0 0 
26459 53.1290229 -27.7021682  3 1 1 1 
26464 53.1254021 -27.7033751  4 1 0 0 
26496 53.0206631 -27.7008296  4 3 2 1 
26512 53.1271324 -27.7034238  3 1 1 1 
26513 53.1734658 -27.6976259  0 0 0 0 
26527 53.1149649 -27.7046388  1 1 1 1 
26531 53.1224609 -27.7042994  1 1 1 1 
26534 53.0335016 -27.7058381  1 0 0 0 
26554 53.1411618 -27.7010895  3 0 0 0 
26558 53.0025711 -27.7043862  0 0 0 0 
26564 53.0142174 -27.6984188  1 1 1 1 
26580 53.0360308 -27.7040594  2 2 2 2 
26600 53.1105007 -27.7034078  1 1 1 1 
26605 53.1606368 -27.7041196  2 2 0 0 
26643 53.1908994 -27.7050878  0 0 0 0 
26645 53.1917400 -27.7004269  0 0 0 0 
26654 53.0626031 -27.7025194  1 1 1 0 
26659 53.0844667 -27.7041860  0 0 0 0 
26704 53.1232015 -27.7068669  1 1 1 0 
26712 53.1045700 -27.7054210  1 1 0 0 
26728 53.1420280 -27.7061931  0 0 0 0 
26732 53.0519611 -27.7059622  3 3 2 1 
26755 53.1428477 -27.7069368  2 0 0 0 
26769 53.1771010 -27.7030619  3 2 0 0 
26777 53.1357470 -27.7084396  4 3 3 3 
26783 53.1503809 -27.7068440  2 2 1 1 
26788 53.0995177 -27.7061611  0 0 0 0 
26834 53.0112132 -27.7083588  6 0 0 0 
